Filename,Width (mm),Height (mm),Width (px),Height (px),x1,y1,x2,y2
14-20-37-357.png,7.01,6.77,147,142,397,241,544,383
14-20-37-399.png,7.01,6.49,147,136,397,241,544,377
14-20-37-434.png,6.82,6.49,143,136,401,241,544,377
14-20-37-465.png,6.82,6.49,143,136,397,241,540,377
14-20-37-496.png,6.82,6.25,143,131,397,241,540,372
14-20-37-534.png,7.01,6.25,147,131,393,241,540,372
14-20-37-581.png,7.01,6.54,147,137,389,235,536,372
14-20-37-622.png,7.01,6.25,147,131,389,235,536,366
14-20-37-655.png,6.82,6.25,143,131,385,235,528,366
14-20-37-688.png,6.82,6.25,143,131,381,235,524,366
14-20-37-721.png,6.63,6.01,139,126,377,235,516,361
14-20-37-755.png,6.39,5.96,134,125,373,230,507,355
14-20-37-787.png,6.63,5.96,139,125,364,230,503,355
14-20-37-819.png,6.82,5.73,143,120,352,230,495,350
14-20-37-854.png,7.2,6.01,151,126,340,224,491,350
14-20-37-889.png,7.4,6.01,155,126,332,224,487,350
14-20-37-922.png,7.4,5.96,155,125,328,219,483,344
14-20-37-955.png,6.87,5.96,144,125,319,219,463,344
14-20-37-988.png,6.63,5.96,139,125,311,219,450,344
14-20-38-022.png,6.63,5.73,139,120,307,219,446,339
14-20-38-055.png,6.63,5.73,139,120,303,219,442,339
14-20-38-089.png,6.44,5.73,135,120,303,219,438,339
14-20-38-123.png,6.44,5.73,135,120,303,219,438,339
14-20-38-168.png,6.25,5.44,131,114,303,219,434,333
14-20-38-211.png,5.49,4.96,115,104,307,224,422,328
14-20-38-243.png,5.44,5.2,114,109,299,224,413,333
14-20-38-276.png,5.63,5.2,118,109,291,224,409,333
14-20-38-340.png,4.87,4.68,102,98,295,230,397,328
14-20-38-377.png,4.68,4.2,98,88,287,235,385,323
14-20-38-411.png,3.29,2.86,69,60,295,246,364,306
14-20-38-444.png,0.0,,0,0,0,0,0,0
14-20-38-477.png,0.0,,0,0,0,0,0,0
14-20-38-512.png,3.29,2.86,69,60,279,246,348,306
14-20-38-546.png,5.63,4.96,118,104,250,224,368,328
14-20-38-590.png,5.25,4.72,110,99,254,224,364,323
14-20-38-633.png,4.68,3.91,98,82,254,235,352,317
14-20-38-666.png,5.25,4.44,110,93,246,230,356,323
14-20-38-699.png,5.82,4.96,122,104,234,224,356,328
14-20-38-733.png,5.44,4.68,114,98,238,230,352,328
14-20-38-767.png,5.25,4.68,110,98,238,230,348,328
14-20-38-798.png,5.44,4.96,114,104,238,224,352,328
14-20-38-833.png,4.87,4.44,102,93,242,230,344,323
14-20-38-866.png,4.29,3.91,90,82,246,235,336,317
14-20-38-901.png,2.72,2.34,57,49,262,252,319,301
14-20-38-949.png,0.0,,0,0,0,0,0,0
14-20-38-989.png,2.53,2.58,53,54,258,252,311,306
14-20-39-022.png,1.96,2.1,41,44,262,257,303,301
14-20-39-066.png,0.0,,0,0,0,0,0,0
14-20-39-101.png,0.0,,0,0,0,0,0,0
14-20-39-147.png,0.0,,0,0,0,0,0,0
14-20-39-189.png,0.0,,0,0,0,0,0,0
14-20-39-235.png,0.0,,0,0,0,0,0,0
14-20-39-280.png,4.48,3.91,94,82,250,235,344,317
14-20-39-322.png,5.25,4.68,110,98,242,230,352,328
14-20-39-370.png,4.87,4.44,102,93,246,230,348,323
14-20-39-413.png,5.06,4.68,106,98,242,230,348,328
14-20-39-457.png,4.87,4.44,102,93,246,230,348,323
14-20-39-504.png,5.06,4.44,106,93,246,230,352,323
14-20-39-545.png,5.06,4.68,106,98,246,230,352,328
14-20-39-590.png,4.68,4.44,98,93,250,230,348,323
14-20-39-634.png,4.87,4.2,102,88,250,235,352,323
14-20-39-679.png,5.63,5.2,118,109,250,224,368,333
14-20-39-724.png,5.87,5.49,123,115,254,224,377,339
14-20-39-768.png,5.68,5.49,119,115,254,224,373,339
14-20-39-813.png,5.87,5.49,123,115,262,224,385,339
14-20-39-859.png,5.49,5.73,115,120,270,224,385,344
14-20-39-899.png,6.06,5.96,127,125,274,219,401,344
14-20-39-933.png,6.2,5.96,130,125,279,219,409,344
14-20-39-980.png,6.82,5.73,143,120,283,224,426,344
14-20-40-023.png,6.82,5.73,143,120,295,224,438,344
14-20-40-055.png,6.82,6.25,143,131,303,219,446,350
14-20-40-089.png,6.44,6.01,135,126,315,224,450,350
14-20-40-122.png,6.82,6.25,143,131,332,224,475,355
14-20-40-155.png,6.63,6.25,139,131,340,230,479,361
14-20-40-187.png,6.44,6.25,135,131,348,235,483,366
14-20-40-222.png,6.44,6.25,135,131,348,235,483,366
14-20-40-256.png,6.44,6.25,135,131,364,241,499,372
14-20-40-287.png,7.06,6.25,148,131,364,241,512,372
14-20-40-319.png,7.25,6.25,152,131,368,246,520,377
14-20-40-351.png,7.01,5.96,147,125,377,252,524,377
14-20-40-383.png,7.01,5.96,147,125,377,252,524,377
14-20-40-422.png,6.63,5.96,139,125,385,252,524,377
14-20-40-456.png,6.25,5.96,131,125,393,252,524,377
14-20-40-489.png,6.25,6.25,131,131,393,252,524,383
14-20-40-535.png,6.25,6.25,131,131,397,252,528,383
14-20-40-582.png,6.25,6.25,131,131,397,257,528,388
14-20-40-616.png,6.63,6.49,139,136,393,252,532,388
14-20-40-655.png,6.82,6.49,143,136,393,252,536,388
14-20-40-703.png,6.63,6.77,139,142,397,246,536,388
14-20-40-743.png,6.63,6.77,139,142,401,246,540,388
14-20-40-775.png,6.63,6.77,139,142,401,246,540,388
14-20-40-811.png,6.44,6.77,135,142,405,246,540,388
14-20-40-844.png,6.63,6.49,139,136,405,252,544,388
14-20-40-875.png,6.63,6.49,139,136,405,252,544,388
14-20-40-911.png,6.63,6.49,139,136,405,252,544,388
14-20-40-944.png,6.44,6.49,135,136,409,252,544,388
14-20-40-975.png,6.63,6.49,139,136,409,252,548,388
14-20-41-006.png,6.63,6.25,139,131,409,257,548,388
14-20-41-044.png,6.63,6.25,139,131,409,257,548,388
14-20-41-077.png,6.44,6.25,135,131,413,257,548,388
14-20-41-111.png,6.2,6.25,130,131,418,257,548,388
14-20-41-143.png,6.44,6.25,135,131,413,257,548,388
14-20-41-178.png,6.2,6.25,130,131,418,257,548,388
14-20-41-211.png,6.2,6.25,130,131,418,257,548,388
14-20-41-244.png,6.2,6.25,130,131,418,257,548,388
14-20-41-278.png,6.39,6.25,134,131,418,257,552,388
14-20-41-326.png,6.63,6.49,139,136,418,252,557,388
14-20-41-367.png,6.63,6.49,139,136,418,252,557,388
14-20-41-399.png,6.63,6.49,139,136,418,252,557,388
14-20-41-429.png,6.63,6.49,139,136,413,252,552,388
14-20-41-466.png,6.63,6.49,139,136,413,252,552,388
14-20-41-497.png,6.25,6.25,131,131,413,257,544,388
14-20-41-528.png,6.44,6.25,135,131,409,257,544,388
14-20-41-565.png,6.25,6.25,131,131,413,257,544,388
14-20-41-599.png,6.25,6.25,131,131,413,257,544,388
14-20-41-633.png,6.44,6.25,135,131,413,257,548,388
14-20-41-666.png,6.44,6.25,135,131,413,257,548,388
14-20-41-698.png,6.01,6.25,126,131,418,257,544,388
14-20-41-732.png,6.2,6.25,130,131,418,257,548,388
14-20-41-766.png,6.2,6.25,130,131,418,257,548,388
14-20-41-803.png,6.01,6.25,126,131,422,257,548,388
14-20-41-844.png,6.01,6.25,126,131,422,257,548,388
14-20-41-879.png,6.01,6.25,126,131,422,257,548,388
14-20-41-911.png,6.01,6.01,126,126,422,262,548,388
14-20-41-943.png,6.2,6.01,130,126,418,262,548,388
14-20-41-977.png,6.06,6.25,127,131,413,257,540,388
14-20-42-011.png,6.25,6.49,131,136,409,252,540,388
14-20-42-045.png,6.25,6.49,131,136,409,252,540,388
14-20-42-094.png,6.44,6.49,135,136,409,252,544,388
14-20-42-136.png,6.44,6.49,135,136,409,252,544,388
14-20-42-177.png,6.44,6.25,135,131,413,257,548,388
14-20-42-209.png,6.25,6.25,131,131,413,257,544,388
14-20-42-244.png,6.25,6.25,131,131,413,257,544,388
14-20-42-277.png,6.25,6.25,131,131,413,257,544,388
14-20-42-310.png,6.25,6.25,131,131,413,257,544,388
14-20-42-344.png,6.25,6.25,131,131,413,257,544,388
14-20-42-378.png,6.44,6.25,135,131,413,257,548,388
14-20-42-412.png,6.44,6.25,135,131,413,257,548,388
14-20-42-458.png,6.2,6.25,130,131,418,257,548,388
14-20-42-499.png,5.82,6.25,122,131,418,257,540,388
14-20-42-531.png,6.06,6.25,127,131,413,257,540,388
14-20-42-567.png,6.06,6.25,127,131,413,257,540,388
14-20-42-611.png,6.25,6.25,131,131,413,257,544,388
14-20-42-647.png,6.25,6.25,131,131,413,257,544,388
14-20-42-690.png,6.44,6.49,135,136,409,252,544,388
14-20-42-731.png,6.63,6.49,139,136,405,252,544,388
14-20-42-781.png,6.63,6.77,139,142,405,246,544,388
14-20-42-826.png,6.63,6.77,139,142,405,246,544,388
14-20-42-868.png,6.63,6.49,139,136,405,252,544,388
14-20-42-916.png,6.63,6.49,139,136,405,252,544,388
14-20-42-956.png,6.63,6.49,139,136,405,252,544,388
14-20-43-003.png,6.63,6.49,139,136,405,252,544,388
14-20-43-048.png,6.44,6.25,135,131,405,252,540,383
14-20-43-089.png,6.44,6.25,135,131,405,252,540,383
14-20-43-135.png,6.44,6.25,135,131,405,252,540,383
14-20-43-178.png,6.44,6.25,135,131,405,252,540,383
14-20-43-222.png,6.44,6.25,135,131,405,252,540,383
14-20-43-256.png,6.25,6.25,131,131,405,252,536,383
14-20-43-288.png,6.44,6.01,135,126,401,257,536,383
14-20-43-322.png,6.44,6.25,135,131,401,252,536,383
14-20-43-354.png,6.63,6.25,139,131,397,246,536,377
14-20-43-388.png,7.01,6.77,147,142,389,241,536,383
14-20-43-423.png,6.63,6.54,139,137,393,246,532,383
14-20-43-467.png,6.82,6.77,143,142,389,241,532,383
14-20-43-501.png,6.82,6.77,143,142,389,241,532,383
14-20-43-535.png,7.01,6.77,147,142,385,241,532,383
14-20-43-577.png,6.82,6.49,143,136,389,241,532,377
14-20-43-609.png,6.82,6.49,143,136,385,241,528,377
14-20-43-643.png,6.82,6.49,143,136,385,241,528,377
14-20-43-678.png,6.63,6.25,139,131,385,241,524,372
14-20-43-710.png,6.44,6.54,135,137,385,235,520,372
14-20-43-745.png,6.44,6.25,135,131,381,235,516,366
14-20-43-792.png,6.63,5.96,139,125,377,241,516,366
14-20-43-833.png,6.44,5.73,135,120,368,241,503,361
14-20-43-865.png,6.25,5.73,131,120,364,241,495,361
14-20-43-897.png,6.44,6.01,135,126,360,235,495,361
14-20-43-929.png,6.25,5.73,131,120,356,235,487,355
14-20-43-961.png,6.25,5.49,131,115,348,235,479,350
14-20-44-001.png,5.68,5.49,119,115,348,235,467,350
14-20-44-033.png,6.44,5.73,135,120,336,230,471,350
14-20-44-064.png,6.63,5.73,139,120,328,230,467,350
14-20-44-099.png,6.44,6.01,135,126,319,224,454,350
14-20-44-134.png,6.63,5.73,139,120,315,230,454,350
14-20-44-182.png,6.44,5.44,135,114,311,230,446,344
14-20-44-222.png,6.44,5.44,135,114,303,230,438,344
14-20-44-265.png,6.25,5.73,131,120,299,224,430,344
14-20-44-301.png,6.06,5.44,127,114,299,230,426,344
14-20-44-347.png,6.25,5.44,131,114,295,230,426,344
14-20-44-390.png,5.87,5.44,123,114,295,230,418,344
14-20-44-422.png,5.63,5.44,118,114,295,230,413,344
14-20-44-456.png,5.82,5.44,122,114,291,230,413,344
14-20-44-488.png,5.63,5.44,118,114,287,230,405,344
14-20-44-522.png,5.44,5.44,114,114,287,230,401,344
14-20-44-555.png,5.44,5.44,114,114,283,230,397,344
14-20-44-586.png,4.1,3.63,86,76,291,252,377,328
14-20-44-620.png,4.29,4.15,90,87,283,246,373,333
14-20-44-655.png,3.29,2.91,69,61,291,262,360,323
14-20-44-688.png,4.06,4.15,85,87,283,246,368,333
14-20-44-721.png,4.06,4.15,85,87,279,246,364,333
14-20-44-768.png,4.91,4.68,103,98,270,241,373,339
14-20-44-811.png,5.06,4.68,106,98,262,241,368,339
14-20-44-842.png,5.25,4.91,110,103,258,241,368,344
14-20-44-878.png,5.06,4.68,106,98,258,241,364,339
14-20-44-909.png,4.87,4.44,102,93,258,246,360,339
14-20-44-942.png,4.87,4.68,102,98,258,241,360,339
14-20-44-978.png,4.68,4.44,98,93,262,246,360,339
14-20-45-024.png,4.68,4.15,98,87,262,246,360,333
14-20-45-067.png,4.29,4.15,90,87,266,246,356,333
14-20-45-100.png,4.68,4.15,98,87,262,246,360,333
14-20-45-134.png,4.68,4.44,98,93,262,246,360,339
14-20-45-178.png,4.87,4.44,102,93,262,246,364,339
14-20-45-225.png,4.87,4.68,102,98,262,241,364,339
14-20-45-267.png,5.25,4.68,110,98,258,241,368,339
14-20-45-300.png,5.06,4.68,106,98,258,241,364,339
14-20-45-343.png,5.06,4.68,106,98,258,241,364,339
14-20-45-379.png,4.87,4.44,102,93,262,246,364,339
14-20-45-421.png,4.87,4.68,102,98,262,241,364,339
14-20-45-454.png,5.25,4.91,110,103,258,241,368,344
14-20-45-486.png,5.87,5.73,123,120,254,230,377,350
14-20-45-522.png,5.87,5.73,123,120,254,230,377,350
14-20-45-554.png,6.06,5.73,127,120,254,230,381,350
14-20-45-593.png,5.87,5.73,123,120,258,230,381,350
14-20-45-647.png,5.87,5.73,123,120,262,230,385,350
14-20-45-688.png,5.87,5.73,123,120,266,230,389,350
14-20-45-721.png,5.87,5.73,123,120,266,230,389,350
14-20-45-756.png,5.87,5.73,123,120,266,230,389,350
14-20-45-789.png,5.87,5.73,123,120,270,230,393,350
14-20-45-823.png,5.87,5.73,123,120,270,230,393,350
14-20-45-855.png,5.63,5.49,118,115,279,235,397,350
14-20-45-886.png,5.63,5.73,118,120,283,230,401,350
14-20-45-921.png,5.82,5.73,122,120,287,230,409,350
14-20-45-970.png,5.44,5.49,114,115,295,235,409,350
14-20-46-012.png,5.68,5.49,119,115,307,235,426,350
14-20-46-056.png,5.68,5.2,119,109,311,235,430,344
14-20-46-103.png,5.68,5.2,119,109,315,235,434,344
14-20-46-145.png,6.06,5.49,127,115,323,235,450,350
14-20-46-190.png,6.44,5.96,135,125,323,230,458,355
14-20-46-236.png,6.2,5.96,130,125,328,230,458,355
14-20-46-279.png,6.63,6.25,139,131,336,230,475,361
14-20-46-325.png,6.44,6.01,135,126,340,235,475,361
14-20-46-368.png,6.25,6.25,131,131,344,235,475,366
14-20-46-411.png,6.25,6.25,131,131,352,241,483,372
14-20-46-458.png,6.44,6.25,135,131,356,241,491,372
14-20-46-506.png,6.44,6.25,135,131,364,246,499,377
14-20-46-550.png,6.44,6.25,135,131,368,252,503,383
14-20-46-592.png,6.2,6.25,130,131,373,252,503,383
14-20-46-634.png,6.01,6.25,126,131,377,252,503,383
14-20-46-680.png,6.01,6.25,126,131,377,252,503,383
14-20-46-725.png,6.01,6.25,126,131,377,252,503,383
14-20-46-760.png,6.2,6.25,130,131,373,252,503,383
14-20-46-799.png,6.39,6.25,134,131,373,252,507,383
14-20-46-847.png,6.63,6.49,139,136,373,252,512,388
14-20-46-889.png,6.63,6.49,139,136,373,252,512,388
14-20-46-922.png,6.63,6.49,139,136,373,252,512,388
14-20-46-966.png,6.63,6.49,139,136,373,252,512,388
14-20-47-000.png,6.63,6.49,139,136,373,252,512,388
14-20-47-045.png,6.63,6.49,139,136,377,252,516,388
14-20-47-079.png,6.63,6.49,139,136,377,252,516,388
14-20-47-112.png,6.63,6.25,139,131,377,257,516,388
14-20-47-155.png,6.44,6.49,135,136,377,252,512,388
14-20-47-189.png,6.44,6.49,135,136,377,252,512,388
14-20-47-222.png,6.44,6.49,135,136,377,252,512,388
14-20-47-268.png,6.44,6.49,135,136,377,252,512,388
14-20-47-303.png,6.44,6.49,135,136,377,252,512,388
14-20-47-345.png,6.44,6.49,135,136,377,252,512,388
14-20-47-378.png,6.2,6.25,130,131,377,252,507,383
14-20-47-413.png,6.2,6.25,130,131,377,252,507,383
14-20-47-444.png,6.2,6.25,130,131,377,252,507,383
14-20-47-477.png,6.39,6.25,134,131,373,252,507,383
14-20-47-512.png,6.63,6.54,139,137,373,246,512,383
14-20-47-560.png,6.39,6.54,134,137,373,246,507,383
14-20-47-604.png,6.63,6.25,139,131,368,252,507,383
14-20-47-644.png,6.39,6.25,134,131,373,252,507,383
14-20-47-677.png,6.39,6.54,134,137,373,246,507,383
14-20-47-710.png,6.39,6.25,134,131,373,252,507,383
14-20-47-746.png,6.39,6.25,134,131,373,252,507,383
14-20-47-792.png,6.39,6.25,134,131,373,252,507,383
14-20-47-834.png,6.39,6.25,134,131,373,252,507,383
14-20-47-867.png,6.2,6.25,130,131,373,252,503,383
14-20-47-900.png,6.2,6.25,130,131,373,252,503,383
14-20-47-934.png,6.44,6.25,135,131,368,252,503,383
14-20-47-966.png,6.44,6.25,135,131,368,252,503,383
14-20-47-998.png,6.25,6.25,131,131,368,252,499,383
14-20-48-033.png,6.25,6.25,131,131,368,252,499,383
14-20-48-067.png,6.25,6.25,131,131,368,252,499,383
14-20-48-101.png,6.2,6.25,130,131,373,252,503,383
14-20-48-149.png,6.44,6.25,135,131,368,252,503,383
14-20-48-190.png,6.63,6.54,139,137,364,246,503,383
14-20-48-222.png,6.82,6.77,143,142,364,246,507,388
14-20-48-254.png,6.82,6.77,143,142,364,246,507,388
14-20-48-292.png,6.63,6.77,139,142,364,246,503,388
14-20-48-333.png,6.63,6.77,139,142,364,246,503,388
14-20-48-367.png,6.63,6.77,139,142,364,246,503,388
14-20-48-413.png,6.44,6.54,135,137,364,246,499,383
14-20-48-456.png,6.44,6.25,135,131,364,252,499,383
14-20-48-504.png,6.44,6.25,135,131,364,252,499,383
14-20-48-545.png,6.44,6.25,135,131,364,252,499,383
14-20-48-578.png,6.25,6.25,131,131,364,252,495,383
14-20-48-612.png,6.44,6.25,135,131,360,252,495,383
14-20-48-644.png,6.44,6.25,135,131,360,252,495,383
14-20-48-687.png,6.44,6.25,135,131,364,252,499,383
14-20-48-722.png,6.44,6.25,135,131,364,252,499,383
14-20-48-755.png,6.25,6.25,131,131,364,252,495,383
14-20-48-801.png,6.25,6.25,131,131,364,252,495,383
14-20-48-845.png,6.25,6.54,131,137,364,246,495,383
14-20-48-876.png,6.44,6.54,135,137,360,246,495,383
14-20-48-908.png,6.63,6.54,139,137,356,246,495,383
14-20-48-945.png,6.63,6.54,139,137,356,246,495,383
14-20-48-977.png,6.44,6.54,135,137,356,246,491,383
14-20-49-011.png,6.63,6.54,139,137,356,246,495,383
14-20-49-044.png,6.63,6.54,139,137,356,246,495,383
14-20-49-080.png,6.63,6.54,139,137,356,246,495,383
14-20-49-127.png,6.63,6.54,139,137,356,246,495,383
14-20-49-167.png,6.44,6.54,135,137,356,246,491,383
14-20-49-200.png,6.25,6.54,131,137,356,246,487,383
14-20-49-246.png,6.25,6.25,131,131,356,252,487,383
14-20-49-290.png,6.25,6.25,131,131,356,252,487,383
14-20-49-332.png,6.44,6.25,135,131,356,252,491,383
14-20-49-367.png,6.25,6.25,131,131,356,252,487,383
14-20-49-400.png,6.25,6.25,131,131,356,252,487,383
14-20-49-432.png,6.06,6.25,127,131,356,252,483,383
14-20-49-468.png,6.06,6.25,127,131,356,252,483,383
14-20-49-517.png,6.06,6.25,127,131,356,252,483,383
14-20-49-556.png,6.25,6.25,131,131,356,252,487,383
14-20-49-600.png,6.44,6.25,135,131,356,252,491,383
14-20-49-647.png,6.44,6.54,135,137,352,246,487,383
14-20-49-689.png,6.44,6.54,135,137,352,246,487,383
14-20-49-736.png,6.82,6.54,143,137,348,246,491,383
14-20-49-781.png,6.82,6.54,143,137,348,246,491,383
14-20-49-826.png,6.63,6.54,139,137,352,246,491,383
14-20-49-881.png,6.63,6.54,139,137,352,246,491,383
14-20-49-923.png,6.63,6.54,139,137,352,246,491,383
14-20-49-971.png,6.63,6.54,139,137,352,246,491,383
14-20-50-011.png,6.44,6.54,135,137,356,246,491,383
14-20-50-061.png,6.25,6.25,131,131,356,252,487,383
14-20-50-114.png,6.25,6.25,131,131,356,252,487,383
14-20-50-159.png,6.25,6.25,131,131,356,252,487,383
14-20-50-203.png,6.06,6.25,127,131,360,252,487,383
14-20-50-245.png,6.06,6.54,127,137,360,246,487,383
14-20-50-291.png,6.06,6.25,127,131,360,246,487,377
14-20-50-334.png,6.44,6.49,135,136,348,241,483,377
14-20-50-368.png,6.44,6.49,135,136,344,241,479,377
14-20-50-410.png,6.63,6.49,139,136,340,241,479,377
14-20-50-460.png,6.82,6.54,143,137,336,235,479,372
14-20-50-500.png,6.82,6.25,143,131,328,235,471,366
14-20-50-532.png,6.63,6.25,139,131,328,235,467,366
14-20-50-567.png,6.68,6.01,140,126,323,235,463,361
14-20-50-600.png,6.63,6.01,139,126,319,235,458,361
14-20-50-633.png,6.25,6.01,131,126,319,235,450,361
14-20-50-666.png,6.06,5.73,127,120,315,241,442,361
14-20-50-713.png,6.06,5.44,127,114,311,241,438,355
14-20-50-756.png,6.06,5.44,127,114,303,241,430,355
14-20-50-801.png,6.06,5.44,127,114,295,241,422,355
14-20-50-848.png,5.82,5.44,122,114,291,241,413,355
14-20-50-889.png,5.63,5.2,118,109,283,241,401,350
14-20-50-921.png,5.63,5.2,118,109,279,241,397,350
14-20-50-965.png,5.68,5.2,119,109,274,241,393,350
14-20-51-013.png,5.06,4.68,106,98,279,252,385,350
14-20-51-055.png,5.49,4.96,115,104,266,246,381,350
14-20-51-087.png,5.68,5.2,119,109,262,246,381,355
14-20-51-139.png,6.06,5.44,127,114,258,241,385,355
14-20-51-179.png,5.68,5.2,119,109,254,246,373,355
14-20-51-211.png,6.06,5.73,127,120,250,241,377,361
14-20-51-244.png,5.87,5.73,123,120,250,241,373,361
14-20-51-277.png,6.06,5.73,127,120,250,241,377,361
14-20-51-312.png,5.87,5.44,123,114,250,241,373,355
14-20-51-356.png,5.44,5.2,114,109,250,246,364,355
14-20-51-402.png,5.25,5.2,110,109,250,246,360,355
14-20-51-445.png,5.82,5.49,122,115,242,246,364,361
14-20-51-478.png,5.82,5.73,122,120,242,241,364,361
14-20-51-511.png,5.63,5.49,118,115,242,246,360,361
14-20-51-557.png,5.25,4.91,110,103,242,252,352,355
14-20-51-601.png,5.06,4.91,106,103,242,252,348,355
14-20-51-634.png,5.25,5.2,110,109,242,252,352,361
14-20-51-677.png,4.87,4.91,102,103,242,252,344,355
14-20-51-725.png,5.06,5.2,106,109,238,252,344,361
14-20-51-767.png,5.25,5.2,110,109,234,252,344,361
14-20-51-802.png,5.68,5.44,119,114,225,252,344,366
14-20-51-844.png,5.87,5.73,123,120,221,246,344,366
14-20-51-892.png,6.25,5.73,131,120,217,246,348,366
14-20-51-932.png,6.25,6.01,131,126,213,246,344,372
14-20-51-967.png,6.25,6.01,131,126,213,246,344,372
14-20-52-012.png,6.44,6.01,135,126,213,246,348,372
14-20-52-055.png,6.25,6.01,131,126,217,246,348,372
14-20-52-089.png,6.25,6.01,131,126,217,246,348,372
14-20-52-122.png,6.25,5.73,131,120,217,252,348,372
14-20-52-154.png,6.06,5.73,127,120,221,252,348,372
14-20-52-188.png,5.87,5.73,123,120,221,252,344,372
14-20-52-222.png,5.68,5.49,119,115,221,257,340,372
14-20-52-254.png,5.87,5.49,123,115,221,257,344,372
14-20-52-288.png,6.06,5.49,127,115,221,257,348,372
14-20-52-334.png,5.87,5.73,123,120,221,252,344,372
14-20-52-379.png,5.87,5.73,123,120,221,252,344,372
14-20-52-422.png,5.68,5.73,119,120,221,252,340,372
14-20-52-468.png,5.87,5.73,123,120,221,252,344,372
14-20-52-512.png,6.06,5.73,127,120,221,252,348,372
14-20-52-555.png,6.44,5.73,135,120,221,252,356,372
14-20-52-589.png,6.25,5.96,131,125,225,252,356,377
14-20-52-622.png,6.06,5.96,127,125,229,252,356,377
14-20-52-669.png,6.25,6.25,131,131,229,246,360,377
14-20-52-711.png,6.2,6.25,130,131,234,246,364,377
14-20-52-744.png,6.01,5.96,126,125,238,252,364,377
14-20-52-789.png,6.2,5.96,130,125,238,252,368,377
14-20-52-834.png,6.01,5.73,126,120,242,252,368,372
14-20-52-867.png,6.01,5.73,126,120,242,252,368,372
14-20-52-900.png,6.25,5.73,131,120,242,252,373,372
14-20-52-943.png,6.06,5.73,127,120,246,252,373,372
14-20-52-978.png,6.06,5.73,127,120,246,252,373,372
14-20-53-024.png,6.06,5.73,127,120,246,252,373,372
14-20-53-069.png,6.25,5.73,131,120,250,252,381,372
14-20-53-125.png,6.06,5.73,127,120,254,252,381,372
14-20-53-166.png,6.44,6.01,135,126,258,246,393,372
14-20-53-213.png,6.63,6.01,139,126,262,246,401,372
14-20-53-258.png,6.82,6.01,143,126,270,246,413,372
14-20-53-303.png,7.01,6.25,147,131,287,241,434,372
14-20-53-357.png,6.44,6.25,135,131,303,241,438,372
14-20-53-403.png,6.25,6.01,131,126,319,246,450,372
14-20-53-448.png,6.44,5.96,135,125,323,252,458,377
14-20-53-489.png,6.06,6.25,127,131,344,257,471,388
14-20-53-533.png,6.25,6.25,131,131,344,257,475,388
14-20-53-581.png,6.25,6.01,131,126,344,262,475,388
14-20-53-623.png,6.06,6.01,127,126,348,262,475,388
14-20-53-670.png,6.06,6.25,127,131,352,262,479,393
14-20-53-714.png,5.87,5.96,123,125,352,268,475,393
14-20-53-757.png,5.68,6.01,119,126,356,273,475,399
14-20-53-806.png,5.49,6.01,115,126,360,273,475,399
14-20-53-845.png,6.44,6.25,135,131,356,273,491,404
14-20-53-878.png,6.82,6.49,143,136,356,268,499,404
14-20-53-912.png,6.63,6.49,139,136,360,268,499,404
14-20-53-956.png,6.63,6.49,139,136,368,268,507,404
14-20-53-988.png,6.63,6.77,139,142,368,262,507,404
14-20-54-034.png,6.87,6.77,144,142,368,262,512,404
14-20-54-078.png,6.63,6.49,139,136,373,268,512,404
14-20-54-111.png,6.63,6.49,139,136,373,268,512,404
14-20-54-144.png,6.82,6.49,143,136,373,268,516,404
14-20-54-177.png,6.63,6.49,139,136,373,268,512,404
14-20-54-211.png,6.63,6.49,139,136,373,268,512,404
14-20-54-243.png,6.39,6.49,134,136,373,268,507,404
14-20-54-277.png,6.39,6.25,134,131,373,273,507,404
14-20-54-310.png,6.44,6.25,135,131,377,273,512,404
14-20-54-345.png,6.44,6.25,135,131,377,273,512,404
14-20-54-391.png,6.44,6.25,135,131,377,273,512,404
14-20-54-423.png,6.25,6.25,131,131,381,273,512,404
14-20-54-459.png,6.25,5.96,131,125,381,279,512,404
14-20-54-491.png,6.25,5.96,131,125,381,279,512,404
14-20-54-523.png,6.44,5.96,135,125,377,279,512,404
14-20-54-556.png,6.44,6.25,135,131,377,279,512,410
14-20-54-589.png,6.44,6.54,135,137,377,273,512,410
14-20-54-622.png,6.63,6.54,139,137,373,273,512,410
14-20-54-655.png,6.63,6.54,139,137,373,273,512,410
14-20-54-689.png,6.44,6.54,135,137,377,273,512,410
14-20-54-723.png,6.63,6.54,139,137,373,273,512,410
14-20-54-756.png,6.63,6.54,139,137,373,273,512,410
14-20-54-800.png,6.63,6.54,139,137,373,273,512,410
14-20-54-849.png,6.63,6.54,139,137,373,273,512,410
14-20-54-890.png,6.44,6.54,135,137,377,273,512,410
14-20-54-934.png,6.44,6.25,135,131,377,279,512,410
14-20-54-979.png,6.2,6.25,130,131,377,279,507,410
14-20-55-022.png,6.01,6.25,126,131,381,279,507,410
14-20-55-056.png,6.01,6.25,126,131,381,279,507,410
14-20-55-089.png,6.01,6.01,126,126,381,284,507,410
14-20-55-122.png,5.82,6.01,122,126,381,284,503,410
14-20-55-156.png,5.82,6.01,122,126,381,284,503,410
14-20-55-189.png,5.63,5.73,118,120,385,284,503,404
14-20-55-222.png,6.01,5.96,126,125,381,279,507,404
14-20-55-256.png,6.2,6.25,130,131,377,273,507,404
14-20-55-289.png,6.44,6.54,135,137,377,273,512,410
14-20-55-323.png,6.2,6.54,130,137,377,273,507,410
14-20-55-356.png,6.39,6.54,134,137,373,273,507,410
14-20-55-402.png,6.39,6.54,134,137,373,273,507,410
14-20-55-433.png,6.2,6.25,130,131,373,273,503,404
14-20-55-471.png,6.2,5.96,130,125,373,279,503,404
14-20-55-510.png,6.2,6.25,130,131,373,273,503,404
14-20-55-544.png,6.2,6.25,130,131,373,273,503,404
14-20-55-579.png,6.01,6.25,126,131,377,273,503,404
14-20-55-611.png,6.01,6.25,126,131,377,273,503,404
14-20-55-645.png,6.01,6.25,126,131,377,273,503,404
14-20-55-690.png,5.82,6.25,122,131,377,273,499,404
14-20-55-724.png,5.82,6.25,122,131,377,273,499,404
14-20-55-757.png,5.82,6.25,122,131,377,273,499,404
14-20-55-792.png,5.82,6.25,122,131,377,273,499,404
14-20-55-823.png,5.82,5.96,122,125,381,279,503,404
14-20-55-857.png,5.82,6.25,122,131,377,273,499,404
14-20-55-890.png,5.63,5.96,118,125,381,279,499,404
14-20-55-923.png,5.63,6.25,118,131,377,273,495,404
14-20-55-957.png,6.44,6.25,135,131,368,273,503,404
14-20-55-989.png,6.39,6.25,134,131,373,273,507,404
14-20-56-024.png,6.39,5.96,134,125,373,279,507,404
14-20-56-055.png,6.39,5.96,134,125,373,279,507,404
14-20-56-088.png,6.2,5.96,130,125,377,279,507,404
14-20-56-121.png,6.01,5.96,126,125,381,279,507,404
14-20-56-156.png,6.25,5.96,131,125,381,279,512,404
14-20-56-189.png,6.2,5.96,130,125,377,279,507,404
14-20-56-221.png,4.87,4.68,102,98,393,295,495,393
14-20-56-256.png,0.95,0.76,20,16,434,339,454,355
14-20-56-288.png,1.34,1.34,28,28,426,333,454,361
14-20-56-321.png,0.0,,0,0,0,0,0,0
14-20-56-356.png,0.0,,0,0,0,0,0,0
14-20-56-389.png,0.0,,0,0,0,0,0,0
14-20-56-421.png,1.38,1.29,29,27,434,339,463,366
14-20-56-455.png,0.0,,0,0,0,0,0,0
14-20-56-489.png,0.0,,0,0,0,0,0,0
14-20-56-521.png,0.0,,0,0,0,0,0,0
14-20-56-556.png,0.0,,0,0,0,0,0,0
14-20-56-589.png,0.0,,0,0,0,0,0,0
14-20-56-623.png,0.0,,0,0,0,0,0,0
14-20-56-655.png,0.0,,0,0,0,0,0,0
14-20-56-688.png,0.0,,0,0,0,0,0,0
14-20-56-723.png,0.0,,0,0,0,0,0,0
14-20-56-768.png,0.0,,0,0,0,0,0,0
14-20-56-820.png,0.0,,0,0,0,0,0,0
14-20-56-882.png,0.0,,0,0,0,0,0,0
14-20-56-928.png,0.0,,0,0,0,0,0,0
14-20-56-967.png,0.0,,0,0,0,0,0,0
14-20-57-012.png,0.0,,0,0,0,0,0,0
14-20-57-060.png,0.0,,0,0,0,0,0,0
14-20-57-101.png,0.0,,0,0,0,0,0,0
14-20-57-151.png,0.0,,0,0,0,0,0,0
14-20-57-193.png,0.0,,0,0,0,0,0,0
14-20-57-235.png,0.0,,0,0,0,0,0,0
14-20-57-281.png,0.0,,0,0,0,0,0,0
14-20-57-325.png,0.0,,0,0,0,0,0,0
14-20-57-356.png,0.0,,0,0,0,0,0,0
14-20-57-389.png,0.0,,0,0,0,0,0,0
14-20-57-421.png,0.0,,0,0,0,0,0,0
14-20-57-455.png,0.0,,0,0,0,0,0,0
14-20-57-488.png,0.0,,0,0,0,0,0,0
14-20-57-522.png,0.0,,0,0,0,0,0,0
14-20-57-556.png,0.0,,0,0,0,0,0,0
14-20-57-590.png,2.34,2.58,49,54,397,301,446,355
14-20-57-621.png,4.29,4.68,90,98,373,279,463,377
14-20-57-652.png,6.25,6.01,131,126,352,262,483,388
14-20-57-689.png,6.44,6.25,135,131,348,252,483,383
14-20-57-720.png,6.44,6.25,135,131,340,252,475,383
14-20-57-753.png,6.25,5.96,131,125,336,252,467,377
14-20-57-790.png,6.44,5.96,135,125,332,252,467,377
14-20-57-838.png,6.44,5.73,135,120,328,252,463,372
14-20-57-878.png,6.25,5.44,131,114,323,252,454,366
14-20-57-922.png,6.25,5.49,131,115,315,246,446,361
14-20-57-968.png,6.06,5.73,127,120,311,246,438,366
14-20-58-011.png,6.06,5.73,127,120,303,241,430,361
14-20-58-043.png,6.44,5.73,135,120,291,241,426,361
14-20-58-078.png,6.39,5.73,134,120,279,241,413,361
14-20-58-112.png,6.44,6.01,135,126,270,235,405,361
14-20-58-145.png,6.44,6.01,135,126,266,235,401,361
14-20-58-189.png,6.25,5.73,131,120,262,241,393,361
14-20-58-233.png,6.25,5.73,131,120,254,241,385,361
14-20-58-278.png,6.06,5.73,127,120,254,241,381,361
14-20-58-325.png,5.87,5.73,123,120,250,241,373,361
14-20-58-367.png,5.82,5.73,122,120,246,241,368,361
14-20-58-400.png,5.82,5.2,122,109,242,246,364,355
14-20-58-446.png,5.44,5.2,114,109,242,246,356,355
14-20-58-491.png,5.25,5.2,110,109,238,246,348,355
14-20-58-534.png,5.25,4.91,110,103,234,252,344,355
14-20-58-579.png,4.48,4.68,94,98,238,252,332,350
14-20-58-623.png,4.48,4.68,94,98,234,252,328,350
14-20-58-666.png,4.25,4.39,89,92,234,252,323,344
14-20-58-699.png,4.87,4.96,102,104,221,246,323,350
14-20-58-733.png,5.25,5.2,110,109,213,246,323,355
14-20-58-766.png,5.44,5.2,114,109,205,246,319,355
14-20-58-813.png,5.63,5.2,118,109,193,246,311,355
14-20-58-856.png,5.87,5.2,123,109,184,246,307,355
14-20-58-888.png,5.44,5.2,114,109,189,246,303,355
14-20-58-921.png,5.25,4.91,110,103,189,252,299,355
14-20-58-956.png,5.25,4.96,110,104,189,246,299,350
14-20-58-989.png,5.06,4.96,106,104,189,246,295,350
14-20-59-034.png,4.87,4.68,102,98,189,252,291,350
14-20-59-078.png,5.1,4.96,107,104,184,246,291,350
14-20-59-116.png,5.1,4.96,107,104,184,246,291,350
14-20-59-156.png,5.1,4.96,107,104,184,246,291,350
14-20-59-202.png,5.1,4.96,107,104,184,246,291,350
14-20-59-245.png,4.48,4.39,94,92,189,252,283,344
14-20-59-289.png,4.48,4.15,94,87,189,257,283,344
14-20-59-337.png,5.3,5.2,111,109,184,246,295,355
14-20-59-378.png,6.06,5.73,127,120,180,241,307,361
14-20-59-411.png,6.06,5.73,127,120,180,241,307,361
14-20-59-458.png,6.25,5.73,131,120,180,241,311,361
14-20-59-501.png,6.06,5.73,127,120,184,241,311,361
14-20-59-545.png,5.82,5.73,122,120,189,241,311,361
14-20-59-592.png,5.82,5.73,122,120,193,241,315,361
14-20-59-635.png,5.82,5.73,122,120,197,241,319,361
14-20-59-678.png,5.63,5.44,118,114,201,241,319,355
14-20-59-725.png,6.06,5.73,127,120,201,241,328,361
14-20-59-767.png,6.25,5.73,131,120,209,241,340,361
14-20-59-813.png,6.25,5.73,131,120,213,241,344,361
14-20-59-857.png,5.68,5.2,119,109,225,246,344,355
14-20-59-900.png,5.63,5.44,118,114,242,241,360,355
14-20-59-932.png,6.25,5.44,131,114,242,241,373,355
14-20-59-967.png,5.87,5.44,123,114,250,241,373,355
14-21-00-013.png,6.25,6.01,131,126,250,235,381,361
14-21-00-055.png,6.63,6.25,139,131,254,230,393,361
14-21-00-100.png,6.63,6.25,139,131,258,230,397,361
14-21-00-132.png,6.63,6.25,139,131,262,230,401,361
14-21-00-169.png,6.63,6.25,139,131,262,230,401,361
14-21-00-213.png,6.63,6.25,139,131,266,230,405,361
14-21-00-256.png,6.63,6.25,139,131,270,230,409,361
14-21-00-302.png,6.63,6.25,139,131,270,230,409,361
14-21-00-347.png,6.25,6.01,131,126,274,235,405,361
14-21-00-389.png,6.39,6.01,134,126,279,235,413,361
14-21-00-439.png,6.2,6.01,130,126,283,235,413,361
14-21-00-479.png,6.44,5.96,135,125,291,241,426,366
14-21-00-524.png,6.44,5.96,135,125,291,241,426,366
14-21-00-572.png,6.06,5.96,127,125,299,241,426,366
14-21-00-615.png,6.06,5.96,127,125,303,241,430,366
14-21-00-671.png,6.06,6.25,127,131,303,241,430,372
14-21-00-716.png,6.63,6.25,139,131,303,241,442,372
14-21-00-762.png,6.63,6.25,139,131,303,246,442,377
14-21-00-804.png,6.63,6.25,139,131,303,246,442,377
14-21-00-845.png,6.44,6.25,135,131,311,246,446,377
14-21-00-893.png,6.44,6.54,135,137,311,246,446,383
14-21-00-934.png,6.44,6.25,135,131,311,252,446,383
14-21-00-978.png,6.44,6.25,135,131,311,252,446,383
14-21-01-026.png,6.44,6.25,135,131,311,252,446,383
14-21-01-069.png,6.25,6.25,131,131,311,252,442,383
14-21-01-112.png,6.06,6.25,127,131,315,252,442,383
14-21-01-157.png,6.06,6.25,127,131,315,252,442,383
14-21-01-199.png,6.06,6.01,127,126,315,257,442,383
14-21-01-231.png,6.25,6.01,131,126,315,257,446,383
14-21-01-265.png,6.25,6.01,131,126,315,257,446,383
14-21-01-299.png,6.25,6.25,131,131,311,252,442,383
14-21-01-349.png,6.44,6.49,135,136,311,252,446,388
14-21-01-389.png,6.44,6.25,135,131,311,257,446,388
14-21-01-421.png,6.25,6.25,131,131,311,257,442,388
14-21-01-456.png,6.44,6.49,135,136,311,252,446,388
14-21-01-489.png,6.25,6.49,131,136,311,252,442,388
14-21-01-522.png,6.25,6.49,131,136,311,252,442,388
14-21-01-556.png,6.25,6.25,131,131,311,257,442,388
14-21-01-589.png,6.25,6.25,131,131,311,257,442,388
14-21-01-633.png,6.25,6.25,131,131,311,257,442,388
14-21-01-678.png,6.25,6.25,131,131,311,257,442,388
14-21-01-712.png,6.25,6.25,131,131,311,257,442,388
14-21-01-755.png,6.25,6.25,131,131,311,257,442,388
14-21-01-805.png,6.25,6.25,131,131,311,257,442,388
14-21-01-845.png,6.25,6.25,131,131,311,257,442,388
14-21-01-889.png,6.06,6.25,127,131,311,257,438,388
14-21-01-936.png,6.25,6.25,131,131,307,257,438,388
14-21-01-977.png,6.25,6.49,131,136,307,252,438,388
14-21-02-023.png,6.44,6.49,135,136,307,252,442,388
14-21-02-069.png,6.44,6.49,135,136,307,252,442,388
14-21-02-112.png,6.44,6.49,135,136,307,252,442,388
14-21-02-144.png,6.25,6.49,131,136,307,252,438,388
14-21-02-177.png,6.25,6.49,131,136,307,252,438,388
14-21-02-211.png,6.25,6.25,131,131,307,257,438,388
14-21-02-263.png,6.25,6.25,131,131,307,257,438,388
14-21-02-301.png,6.44,6.25,135,131,307,257,442,388
14-21-02-333.png,6.44,6.25,135,131,307,257,442,388
14-21-02-368.png,6.44,6.25,135,131,307,257,442,388
14-21-02-410.png,6.44,6.01,135,126,307,262,442,388
14-21-02-445.png,6.44,6.25,135,131,307,257,442,388
14-21-02-490.png,6.44,6.01,135,126,307,262,442,388
