Filename,Width (mm),Height (mm),Width (px),Height (px),x1,y1,x2,y2
12-55-00-063.png,6.25,5.96,131,125,344,208,475,333
12-55-00-115.png,6.63,5.96,139,125,348,208,487,333
12-55-00-160.png,6.44,5.73,135,120,356,208,491,328
12-55-00-201.png,6.44,5.73,135,120,348,208,483,328
12-55-00-251.png,6.44,6.25,135,131,344,202,479,333
12-55-00-290.png,5.44,5.25,114,110,344,213,458,323
12-55-00-335.png,5.06,4.44,106,93,340,224,446,317
12-55-00-382.png,1.57,1.53,33,32,364,252,397,284
12-55-00-424.png,0,0,0,0,0,0,0,0
12-55-00-456.png,0,0,0,0,0,0,0,0
12-55-00-490.png,0,0,0,0,0,0,0,0
12-55-00-539.png,0,0,0,0,0,0,0,0
12-55-00-592.png,0,0,0,0,0,0,0,0
12-55-00-639.png,3.67,3.91,77,82,336,224,413,306
12-55-00-683.png,5.68,5.73,119,120,323,208,442,328
12-55-00-724.png,5.3,5.25,111,110,323,213,434,323
12-55-00-774.png,5.68,5.96,119,125,319,208,438,333
12-55-00-813.png,5.1,5.25,107,110,323,213,430,323
12-55-00-861.png,4.72,4.68,99,98,323,219,422,317
12-55-00-904.png,4.06,4.44,85,93,328,224,413,317
12-55-00-946.png,5.3,5.49,111,115,323,213,434,328
12-55-00-989.png,3.86,4.2,81,88,332,224,413,312
12-55-01-037.png,3.67,4.2,77,88,332,224,409,312
12-55-01-084.png,5.87,5.73,123,120,319,208,442,328
12-55-01-129.png,6.25,6.01,131,126,319,202,450,328
12-55-01-170.png,6.06,6.01,127,126,323,202,450,328
12-55-01-213.png,5.3,4.96,111,104,315,208,426,312
12-55-01-263.png,5.1,4.68,107,98,319,208,426,306
12-55-01-303.png,5.68,5.25,119,110,319,202,438,312
12-55-01-346.png,4.29,3.67,90,77,332,213,422,290
12-55-01-393.png,2.96,2.86,62,60,356,224,418,284
12-55-01-436.png,1.15,1.29,24,27,385,241,409,268
12-55-01-479.png,0,0,0,0,0,0,0,0
12-55-01-525.png,4.68,3.91,98,82,352,202,450,284
12-55-01-568.png,6.25,5.44,131,114,356,192,487,306
12-55-01-621.png,6.63,5.44,139,114,352,192,491,306
12-55-01-670.png,7.01,6.25,147,131,352,186,499,317
12-55-01-719.png,6.82,6.25,143,131,356,192,499,323
12-55-01-757.png,6.82,6.54,143,137,360,186,503,323
12-55-01-802.png,6.82,6.54,143,137,364,186,507,323
12-55-01-849.png,6.82,6.49,143,136,360,181,503,317
12-55-01-891.png,6.82,6.49,143,136,356,181,499,317
12-55-01-935.png,6.82,6.25,143,131,348,186,491,317
12-55-01-981.png,6.63,6.54,139,137,352,186,491,323
12-55-02-012.png,6.25,5.96,131,125,352,192,483,317
12-55-02-045.png,5.68,5.73,119,120,352,197,471,317
12-55-02-089.png,5.44,5.73,114,120,340,197,454,317
12-55-02-123.png,4.68,5.25,98,110,352,202,450,312
12-55-02-176.png,3.91,4.44,82,93,364,213,446,306
12-55-02-218.png,4.48,4.68,94,98,356,208,450,306
12-55-02-259.png,0,0,0,0,0,0,0,0
12-55-02-305.png,3.53,3.63,74,76,360,219,434,295
12-55-02-348.png,6.25,6.25,131,131,315,186,446,317
12-55-02-392.png,6.44,6.25,135,131,311,186,446,317
12-55-02-439.png,6.44,6.49,135,136,315,181,450,317
12-55-02-480.png,6.44,6.25,135,131,315,186,450,317
12-55-02-528.png,6.25,6.25,131,131,319,186,450,317
12-55-02-568.png,6.06,6.25,127,131,319,186,446,317
12-55-02-612.png,5.06,4.96,106,104,332,202,438,306
12-55-02-645.png,0,0,0,0,0,0,0,0
12-55-02-697.png,0,0,0,0,0,0,0,0
12-55-02-751.png,0,0,0,0,0,0,0,0
12-55-02-794.png,2.34,2.34,49,49,360,224,409,273
12-55-02-835.png,3.91,3.91,82,82,348,213,430,295
12-55-02-891.png,4.48,4.44,94,93,340,208,434,301
12-55-02-947.png,4.1,4.2,86,88,352,213,438,301
12-55-02-991.png,5.44,5.49,114,115,336,197,450,312
12-55-03-034.png,6.01,6.01,126,126,332,186,458,312
12-55-03-068.png,6.01,6.01,126,126,332,186,458,312
12-55-03-101.png,6.01,6.01,126,126,332,186,458,312
12-55-03-147.png,6.44,6.49,135,136,323,181,458,317
12-55-03-192.png,6.68,6.54,140,137,323,175,463,312
12-55-03-241.png,6.68,6.54,140,137,323,175,463,312
12-55-03-282.png,6.68,6.54,140,137,323,175,463,312
12-55-03-325.png,6.44,6.25,135,131,328,181,463,312
12-55-03-374.png,6.63,6.25,139,131,328,181,467,312
12-55-03-424.png,6.44,5.96,135,125,328,181,463,306
12-55-03-472.png,5.63,4.91,118,103,336,192,454,295
12-55-03-513.png,6.44,5.96,135,125,328,181,463,306
12-55-03-557.png,6.44,5.96,135,125,328,181,463,306
12-55-03-604.png,6.63,5.96,139,125,328,181,467,306
12-55-03-646.png,5.87,5.49,123,115,340,186,463,301
12-55-03-679.png,5.44,4.91,114,103,344,192,458,295
12-55-03-712.png,5.44,4.91,114,103,344,192,458,295
12-55-03-765.png,6.06,5.73,127,120,336,186,463,306
12-55-03-815.png,4.87,4.44,102,93,348,197,450,290
12-55-03-862.png,4.68,4.44,98,93,352,202,450,295
12-55-03-902.png,5.06,4.68,106,98,348,197,454,295
12-55-03-946.png,4.1,3.91,86,82,360,202,446,284
12-55-03-995.png,6.44,5.96,135,125,328,181,463,306
12-55-04-035.png,6.44,5.96,135,125,332,181,467,306
12-55-04-081.png,6.44,5.96,135,125,336,181,471,306
12-55-04-124.png,6.44,5.96,135,125,336,181,471,306
12-55-04-157.png,5.49,4.91,115,103,352,192,467,295
12-55-04-201.png,6.63,5.96,139,125,340,181,479,306
12-55-04-234.png,6.63,5.96,139,125,340,181,479,306
12-55-04-287.png,6.44,5.73,135,120,340,186,475,306
12-55-04-337.png,6.06,5.73,127,120,344,186,471,306
12-55-04-385.png,5.49,5.2,115,109,348,192,463,301
12-55-04-424.png,0,0,0,0,0,0,0,0
12-55-04-467.png,0,0,0,0,0,0,0,0
12-55-04-515.png,0,0,0,0,0,0,0,0
12-55-04-558.png,0,0,0,0,0,0,0,0
12-55-04-605.png,0,0,0,0,0,0,0,0
12-55-04-648.png,0,0,0,0,0,0,0,0
12-55-04-690.png,0,0,0,0,0,0,0,0
12-55-04-723.png,0,0,0,0,0,0,0,0
12-55-04-757.png,0,0,0,0,0,0,0,0
12-55-04-810.png,3.72,3.39,78,71,352,213,430,284
12-55-04-860.png,6.44,6.25,135,131,328,175,463,306
12-55-04-904.png,6.68,6.25,140,131,323,175,463,306
12-55-04-946.png,6.44,5.96,135,125,332,181,467,306
12-55-04-992.png,5.63,5.2,118,109,340,186,458,295
12-55-05-038.png,4.87,4.68,102,98,348,192,450,290
12-55-05-079.png,6.06,5.44,127,114,336,181,463,295
12-55-05-125.png,6.63,6.25,139,131,332,175,471,306
12-55-05-168.png,5.63,5.49,118,115,336,186,454,301
12-55-05-212.png,5.63,5.73,118,120,336,181,454,301
12-55-05-245.png,5.06,5.2,106,109,348,186,454,295
12-55-05-294.png,5.87,5.73,123,120,340,181,463,301
12-55-05-335.png,6.63,6.01,139,126,332,175,471,301
12-55-05-388.png,6.44,6.01,135,126,332,175,467,301
12-55-05-438.png,6.25,5.73,131,120,336,181,467,301
12-55-05-480.png,6.25,5.73,131,120,332,181,463,301
12-55-05-526.png,6.44,6.01,135,126,328,175,463,301
12-55-05-571.png,6.63,6.01,139,126,319,175,458,301
12-55-05-617.png,6.63,6.01,139,126,315,175,454,301
12-55-05-659.png,6.82,6.01,143,126,311,175,454,301
12-55-05-701.png,6.82,5.96,143,125,303,181,446,306
12-55-05-751.png,6.25,5.73,131,120,311,186,442,306
12-55-05-791.png,0,0,0,0,0,0,0,0
12-55-05-836.png,6.06,4.68,127,98,348,197,475,295
12-55-05-885.png,5.87,5.2,123,109,352,197,475,306
12-55-05-926.png,7.44,6.77,156,142,311,181,467,323
12-55-05-973.png,7.25,6.77,152,142,323,181,475,323
12-55-06-014.png,6.63,6.01,139,126,336,186,475,312
12-55-06-058.png,6.82,6.25,143,131,340,181,483,312
12-55-06-105.png,5.68,5.2,119,109,344,192,463,301
12-55-06-148.png,1.96,1.57,41,33,377,219,418,252
12-55-06-193.png,0,0,0,0,0,0,0,0
12-55-06-238.png,0,0,0,0,0,0,0,0
12-55-06-279.png,0,0,0,0,0,0,0,0
12-55-06-324.png,0,0,0,0,0,0,0,0
12-55-06-369.png,0,0,0,0,0,0,0,0
12-55-06-419.png,0,0,0,0,0,0,0,0
12-55-06-483.png,2.34,2.34,49,49,332,213,381,262
12-55-06-528.png,2.39,2.62,50,55,323,213,373,268
12-55-06-568.png,1.34,1.57,28,33,328,213,356,246
12-55-06-613.png,3.1,3.15,65,66,299,202,364,268
12-55-06-661.png,5.49,5.49,115,115,270,186,385,301
12-55-06-702.png,5.49,5.44,115,114,258,181,373,295
12-55-06-746.png,5.68,5.44,119,114,254,181,373,295
12-55-06-793.png,5.25,4.96,110,104,250,186,360,290
12-55-06-835.png,5.82,6.01,122,126,246,175,368,301
12-55-06-870.png,5.25,5.44,110,114,250,181,360,295
12-55-06-918.png,5.44,5.2,114,109,246,181,360,290
12-55-06-962.png,0,0,0,0,0,0,0,0
12-55-07-007.png,2.34,2.86,49,60,266,208,315,268
12-55-07-051.png,0,0,0,0,0,0,0,0
12-55-07-090.png,3.48,4.15,73,87,242,197,315,284
12-55-07-138.png,2.91,3.67,61,77,250,202,311,279
12-55-07-182.png,2.34,2.86,49,60,254,213,303,273
12-55-07-224.png,0,0,0,0,0,0,0,0
12-55-07-271.png,0,0,0,0,0,0,0,0
12-55-07-316.png,0,0,0,0,0,0,0,0
12-55-07-357.png,2.34,2.86,49,60,254,202,303,262
12-55-07-405.png,2.91,3.15,61,66,250,202,311,268
12-55-07-446.png,4.06,4.39,85,92,238,192,323,284
12-55-07-480.png,2.91,3.15,61,66,246,202,307,268
12-55-07-529.png,3.48,3.63,73,76,242,197,315,273
12-55-07-574.png,4.48,4.96,94,104,234,186,328,290
12-55-07-615.png,4.68,5.2,98,109,225,186,323,295
12-55-07-660.png,4.48,4.96,94,104,229,186,323,290
12-55-07-704.png,3.48,3.86,73,81,238,192,311,273
12-55-07-747.png,0,0,0,0,0,0,0,0
12-55-07-793.png,1.57,1.86,33,39,266,213,299,252
12-55-07-835.png,2.34,2.58,49,54,254,208,303,262
12-55-07-879.png,4.1,4.39,86,92,229,192,315,284
12-55-07-925.png,4.68,5.44,98,114,221,181,319,295
12-55-07-968.png,3.29,3.91,69,82,238,197,307,279
12-55-08-001.png,2.53,2.86,53,60,250,208,303,268
12-55-08-041.png,0,0,0,0,0,0,0,0
12-55-08-084.png,0,0,0,0,0,0,0,0
12-55-08-126.png,0,0,0,0,0,0,0,0
12-55-08-169.png,5.06,4.91,106,103,254,192,360,295
12-55-08-218.png,6.06,5.73,127,120,246,186,373,306
12-55-08-258.png,6.44,6.49,135,136,250,181,385,317
12-55-08-303.png,6.82,6.49,143,136,270,181,413,317
12-55-08-351.png,7.01,6.49,147,136,279,181,426,317
12-55-08-392.png,4.87,4.72,102,99,299,202,401,301
12-55-08-435.png,7.06,6.54,148,137,274,186,422,323
12-55-08-480.png,6.2,6.25,130,131,283,186,413,317
12-55-08-523.png,6.01,6.49,126,136,287,181,413,317
12-55-08-577.png,5.87,6.25,123,131,295,181,418,312
12-55-08-617.png,6.06,6.25,127,131,303,186,430,317
12-55-08-673.png,5.87,5.73,123,120,307,197,430,317
12-55-08-713.png,4.91,4.72,103,99,319,202,422,301
12-55-08-759.png,4.91,4.96,103,104,319,202,422,306
12-55-08-806.png,3.48,3.39,73,71,336,219,409,290
12-55-08-845.png,3.1,3.15,65,66,344,224,409,290
12-55-08-893.png,3.29,3.39,69,71,344,224,413,295
12-55-08-937.png,4.1,4.2,86,88,340,213,426,301
12-55-08-980.png,4.68,4.68,98,98,328,208,426,306
12-55-09-024.png,5.68,5.73,119,120,319,197,438,317
12-55-09-069.png,5.68,5.73,119,120,315,197,434,317
12-55-09-121.png,3.72,4.15,78,87,315,208,393,295
12-55-09-171.png,3.91,4.2,82,88,295,213,377,301
12-55-09-215.png,4.48,4.68,94,98,283,208,377,306
12-55-09-270.png,4.48,4.44,94,93,287,213,381,306
12-55-09-313.png,5.87,5.49,123,115,270,208,393,323
12-55-09-360.png,5.25,4.72,110,99,279,213,389,312
12-55-09-402.png,4.87,5.2,102,109,279,208,381,317
12-55-09-447.png,5.1,5.2,107,109,274,208,381,317
12-55-09-490.png,4.29,4.72,90,99,287,213,377,312
12-55-09-535.png,0,0,0,0,0,0,0,0
12-55-09-582.png,2.72,2.86,57,60,307,230,364,290
12-55-09-626.png,3.1,2.86,65,60,291,230,356,290
12-55-09-675.png,3.29,3.39,69,71,287,224,356,295
12-55-09-726.png,4.48,4.44,94,93,266,213,360,306
12-55-09-769.png,6.2,5.77,130,121,238,202,368,323
12-55-09-816.png,5.82,6.01,122,126,238,197,360,323
12-55-09-858.png,5.25,5.49,110,115,242,202,352,317
12-55-09-904.png,5.44,5.2,114,109,242,208,356,317
12-55-09-949.png,3.53,3.39,74,71,262,219,336,290
12-55-09-991.png,4.87,5.49,102,115,254,197,356,312
12-55-10-038.png,4.48,4.72,94,99,262,202,356,301
12-55-10-080.png,5.68,6.01,119,126,254,197,373,323
12-55-10-123.png,6.25,6.25,131,131,250,197,381,328
12-55-10-160.png,6.06,6.01,127,126,262,197,389,323
12-55-10-210.png,6.25,6.25,131,131,258,197,389,328
12-55-10-249.png,5.49,6.01,115,126,270,197,385,323
12-55-10-300.png,5.3,6.01,111,126,274,197,385,323
12-55-10-347.png,5.49,5.49,115,115,266,208,381,323
12-55-10-393.png,5.87,5.77,123,121,258,202,381,323
12-55-10-434.png,6.06,6.01,127,126,250,197,377,323
12-55-10-480.png,5.68,5.25,119,110,254,202,373,312
12-55-10-526.png,5.63,5.49,118,115,250,202,368,317
12-55-10-569.png,3.53,3.15,74,66,270,224,344,290
12-55-10-612.png,6.06,5.73,127,120,254,197,381,317
12-55-10-646.png,6.44,6.25,135,131,254,186,389,317
12-55-10-691.png,6.82,6.54,143,137,250,186,393,323
12-55-10-741.png,7.4,6.54,155,137,250,186,405,323
12-55-10-795.png,7.2,6.25,151,131,254,186,405,317
12-55-10-836.png,7.01,6.25,147,131,262,186,409,317
12-55-10-886.png,7.2,6.25,151,131,262,186,413,317
12-55-10-925.png,7.06,6.49,148,136,274,181,422,317
12-55-10-968.png,7.44,6.49,156,136,270,181,426,317
12-55-11-017.png,7.63,6.25,160,131,266,186,426,317
12-55-11-057.png,6.63,5.73,139,120,283,186,422,306
12-55-11-090.png,6.82,6.25,143,131,291,181,434,312
12-55-11-136.png,6.44,5.73,135,120,299,186,434,306
12-55-11-183.png,6.25,5.49,131,115,299,186,430,301
12-55-11-223.png,6.63,5.96,139,125,295,181,434,306
12-55-11-278.png,6.82,6.54,143,137,295,175,438,312
12-55-11-326.png,6.63,5.73,139,120,299,181,438,301
12-55-11-373.png,6.44,5.73,135,120,303,181,438,301
12-55-11-415.png,6.06,5.49,127,115,311,186,438,301
12-55-11-459.png,6.82,6.25,143,131,299,175,442,306
12-55-11-505.png,6.82,6.25,143,131,299,175,442,306
12-55-11-546.png,6.82,6.49,143,136,295,170,438,306
12-55-11-593.png,7.01,6.77,147,142,291,164,438,306
12-55-11-641.png,7.01,6.77,147,142,291,164,438,306
12-55-11-679.png,7.2,6.25,151,131,291,170,442,301
12-55-11-726.png,7.78,6.01,163,126,279,175,442,301
12-55-11-771.png,5.87,5.44,123,114,323,181,446,295
12-55-11-818.png,5.63,5.2,118,109,328,181,446,290
12-55-11-862.png,5.44,5.2,114,109,332,181,446,290
12-55-11-902.png,6.06,5.73,127,120,319,175,446,295
12-55-11-949.png,5.68,5.2,119,109,323,181,442,290
12-55-11-996.png,5.68,5.2,119,109,323,181,442,290
12-55-12-037.png,4.48,4.39,94,92,340,192,434,284
12-55-12-081.png,4.68,4.68,98,98,340,186,438,284
12-55-12-126.png,5.06,4.96,106,104,332,186,438,290
12-55-12-169.png,5.25,5.2,110,109,328,181,438,290
12-55-12-214.png,5.06,4.96,106,104,332,186,438,290
12-55-12-257.png,6.44,5.96,135,125,307,170,442,295
12-55-12-301.png,6.44,5.96,135,125,311,170,446,295
12-55-12-354.png,6.25,5.96,131,125,315,170,446,295
12-55-12-406.png,5.25,5.44,110,114,336,181,446,295
12-55-12-450.png,5.63,5.44,118,114,328,181,446,295
12-55-12-492.png,6.25,6.25,131,131,315,170,446,301
12-55-12-540.png,6.44,6.25,135,131,315,170,450,301
12-55-12-582.png,5.25,5.44,110,114,336,181,446,295
12-55-12-626.png,4.48,4.96,94,104,348,186,442,290
12-55-12-671.png,5.63,5.44,118,114,332,181,450,295
12-55-12-714.png,5.63,5.2,118,109,328,186,446,295
12-55-12-759.png,3.91,3.39,82,71,352,202,434,273
12-55-12-804.png,4.48,4.39,94,92,344,192,438,284
12-55-12-844.png,5.25,4.96,110,104,336,186,446,290
12-55-12-896.png,5.82,5.73,122,120,328,175,450,295
12-55-12-940.png,6.06,5.73,127,120,323,175,450,295
12-55-12-980.png,5.82,5.73,122,120,328,175,450,295
12-55-13-031.png,5.44,5.2,114,109,336,181,450,290
12-55-13-082.png,6.25,6.25,131,131,323,170,454,301
12-55-13-128.png,6.63,6.54,139,137,315,164,454,301
12-55-13-169.png,6.44,6.25,135,131,323,170,458,301
12-55-13-212.png,6.44,6.25,135,131,323,170,458,301
12-55-13-260.png,6.2,6.25,130,131,328,170,458,301
12-55-13-301.png,6.63,6.25,139,131,319,170,458,301
12-55-13-334.png,5.82,5.73,122,120,332,175,454,295
12-55-13-369.png,5.06,4.68,106,98,340,186,446,284
12-55-13-422.png,4.29,4.39,90,92,352,192,442,284
12-55-13-472.png,5.25,5.44,110,114,340,181,450,295
12-55-13-517.png,4.48,4.96,94,104,348,186,442,290
12-55-13-560.png,2.96,3.39,62,71,364,202,426,273
12-55-13-603.png,3.91,4.15,82,87,348,197,430,284
12-55-13-656.png,3.34,3.67,70,77,360,202,430,279
12-55-13-704.png,2.53,2.86,53,60,373,208,426,268
12-55-13-749.png,0,0,0,0,0,0,0,0
12-55-13-790.png,3.34,3.67,70,77,360,202,430,279
12-55-13-823.png,3.72,4.15,78,87,352,197,430,284
12-55-13-857.png,4.68,4.96,98,104,336,186,434,290
12-55-13-902.png,4.68,4.96,98,104,336,186,434,290
12-55-13-975.png,6.44,5.96,135,125,307,170,442,295
12-55-14-015.png,6.63,5.96,139,125,303,170,442,295
12-55-14-057.png,6.82,6.25,143,131,299,164,442,295
12-55-14-113.png,6.63,6.54,139,137,303,164,442,301
12-55-14-161.png,5.87,5.73,123,120,319,175,442,295
12-55-14-203.png,3.72,4.15,78,87,356,192,434,279
12-55-14-249.png,2.53,3.39,53,71,373,202,426,273
12-55-14-292.png,3.15,3.67,66,77,364,202,430,279
12-55-14-335.png,2.96,3.67,62,77,368,202,430,279
12-55-14-368.png,2.96,3.67,62,77,368,202,430,279
12-55-14-402.png,3.53,4.39,74,92,360,192,434,284
12-55-14-446.png,4.1,4.68,86,98,348,186,434,284
12-55-14-486.png,4.87,4.91,102,103,336,181,438,284
12-55-14-531.png,5.06,4.91,106,103,332,181,438,284
12-55-14-572.png,3.53,3.63,74,76,352,192,426,268
12-55-14-613.png,4.48,4.44,94,93,336,186,430,279
12-55-14-662.png,4.29,4.44,90,93,340,186,430,279
12-55-14-704.png,5.87,5.49,123,115,319,175,442,290
12-55-14-749.png,6.63,6.25,139,131,311,164,450,295
12-55-14-793.png,6.25,5.96,131,125,323,170,454,295
12-55-14-834.png,7.25,6.54,152,137,311,164,463,301
12-55-14-884.png,7.01,6.54,147,137,311,164,458,301
12-55-14-923.png,7.25,6.54,152,137,311,164,463,301
12-55-14-956.png,7.01,6.54,147,137,311,164,458,301
12-55-14-997.png,6.82,6.25,143,131,315,170,458,301
12-55-15-040.png,7.25,6.54,152,137,311,164,463,301
12-55-15-084.png,7.01,6.25,147,131,311,170,458,301
12-55-15-125.png,6.63,5.96,139,125,315,170,454,295
12-55-15-170.png,6.63,5.96,139,125,315,170,454,295
12-55-15-215.png,6.63,6.25,139,131,315,170,454,301
12-55-15-260.png,6.82,6.01,143,126,311,175,454,301
12-55-15-306.png,6.25,5.44,131,114,315,181,446,295
12-55-15-347.png,6.63,5.73,139,120,307,181,446,301
12-55-15-390.png,7.01,6.25,147,131,307,175,454,306
12-55-15-438.png,6.82,5.96,143,125,303,181,446,306
12-55-15-478.png,6.82,6.25,143,131,295,181,438,312
12-55-15-512.png,6.82,6.25,143,131,291,181,434,312
12-55-15-567.png,6.25,6.01,131,126,299,186,430,312
12-55-15-614.png,7.4,6.49,155,136,279,181,434,317
12-55-15-659.png,7.2,6.49,151,136,279,181,430,317
12-55-15-704.png,7.2,6.49,151,136,283,181,434,317
12-55-15-747.png,6.06,5.73,127,120,295,186,422,306
12-55-15-797.png,7.01,6.49,147,136,283,181,430,317
12-55-15-846.png,6.82,6.01,143,126,295,186,438,312
12-55-15-893.png,6.25,6.25,131,131,303,181,434,312
12-55-15-934.png,0,0,0,0,0,0,0,0
12-55-15-967.png,3.53,3.15,74,66,205,202,279,268
12-55-16-002.png,5.3,4.68,111,98,180,186,291,284
12-55-16-035.png,6.25,5.44,131,114,184,181,315,295
12-55-16-090.png,7.01,5.96,147,125,189,181,336,306
12-55-16-138.png,4.68,4.44,98,93,246,197,344,290
12-55-16-185.png,5.82,5.2,122,109,238,192,360,301
12-55-16-226.png,5.68,5.49,119,115,229,186,348,301
12-55-16-272.png,6.25,5.73,131,120,217,186,348,306
12-55-16-319.png,6.82,5.96,143,125,213,181,356,306
12-55-16-357.png,6.82,5.96,143,125,217,181,360,306
12-55-16-403.png,6.82,5.96,143,125,221,181,364,306
12-55-16-448.png,5.82,4.96,122,104,238,186,360,290
12-55-16-491.png,5.63,4.96,118,104,238,186,356,290
12-55-16-536.png,6.25,5.44,131,114,225,181,356,295
12-55-16-579.png,6.44,5.73,135,120,213,181,348,301
12-55-16-618.png,6.44,5.73,135,120,213,181,348,301
12-55-16-661.png,6.39,4.96,134,104,189,186,323,290
12-55-16-707.png,6.01,5.2,126,109,189,192,315,301
12-55-16-751.png,6.82,5.96,143,125,168,181,311,306
12-55-16-792.png,6.06,5.73,127,120,180,181,307,301
12-55-16-839.png,6.44,6.01,135,126,176,175,311,301
12-55-16-882.png,6.82,6.25,143,131,176,170,319,301
12-55-16-924.png,6.82,6.01,143,126,172,175,315,301
12-55-16-971.png,6.44,5.73,135,120,180,175,315,295
12-55-17-012.png,6.44,5.49,135,115,176,175,311,290
12-55-17-046.png,5.3,4.44,111,93,184,186,295,279
12-55-17-080.png,6.25,5.2,131,109,172,181,303,290
12-55-17-119.png,6.06,5.49,127,115,172,175,299,290
12-55-17-165.png,6.25,5.73,131,120,168,175,299,295
12-55-17-214.png,4.06,3.63,85,76,189,192,274,268
12-55-17-262.png,5.3,4.44,111,93,180,186,291,279
12-55-17-304.png,4.68,3.86,98,81,189,192,287,273
12-55-17-349.png,3.91,3.1,82,65,197,197,279,262
12-55-17-393.png,1.96,1.34,41,28,213,213,254,241
12-55-17-437.png,6.25,5.44,131,114,184,181,315,295
12-55-17-481.png,6.06,5.2,127,109,184,181,311,290
12-55-17-528.png,6.06,5.2,127,109,180,181,307,290
12-55-17-569.png,5.44,4.68,114,98,189,186,303,284
12-55-17-615.png,5.44,4.68,114,98,189,186,303,284
12-55-17-660.png,6.44,5.73,135,120,184,175,319,295
12-55-17-708.png,6.44,5.73,135,120,184,175,319,295
12-55-17-752.png,6.44,6.01,135,126,184,175,319,301
12-55-17-792.png,6.63,5.73,139,120,180,175,319,295
12-55-17-839.png,6.44,5.73,135,120,184,175,319,295
12-55-17-883.png,5.82,5.2,122,109,193,181,315,290
12-55-17-926.png,6.44,5.73,135,120,193,175,328,295
12-55-17-982.png,6.44,5.73,135,120,193,175,328,295
12-55-18-027.png,5.82,4.68,122,98,197,186,319,284
12-55-18-071.png,6.63,5.73,139,120,184,175,323,295
12-55-18-113.png,6.39,5.44,134,114,189,181,323,295
12-55-18-159.png,5.63,4.68,118,98,197,186,315,284
12-55-18-209.png,7.06,6.01,148,126,184,175,332,301
12-55-18-264.png,7.44,6.25,156,131,180,170,336,301
12-55-18-313.png,6.2,5.2,130,109,193,181,323,290
12-55-18-362.png,6.82,5.73,143,120,189,175,332,295
12-55-18-415.png,6.01,4.96,126,104,193,186,319,290
12-55-18-461.png,4.1,3.39,86,71,213,202,299,273
12-55-18-503.png,6.01,5.44,126,114,189,181,315,295
12-55-18-547.png,6.01,5.44,126,114,189,181,315,295
12-55-18-580.png,6.2,5.44,130,114,189,181,319,295
12-55-18-626.png,5.63,4.96,118,104,197,186,315,290
12-55-18-668.png,6.63,5.44,139,114,189,181,328,295
12-55-18-714.png,7.06,6.01,148,126,184,175,332,301
12-55-18-763.png,6.82,6.01,143,126,189,175,332,301
12-55-18-806.png,7.06,6.01,148,126,180,175,328,301
12-55-18-852.png,6.87,6.01,144,126,184,175,328,301
12-55-18-893.png,6.87,6.01,144,126,184,175,328,301
12-55-18-935.png,6.63,5.73,139,120,193,181,332,301
12-55-18-984.png,5.44,4.96,114,104,205,186,319,290
12-55-19-023.png,6.25,5.44,131,114,209,181,340,295
12-55-19-070.png,5.1,4.39,107,92,221,192,328,284
12-55-19-114.png,6.06,5.2,127,109,213,186,340,295
12-55-19-147.png,5.68,5.2,119,109,225,181,344,290
12-55-19-190.png,5.25,5.2,110,109,234,186,344,295
12-55-19-223.png,3.72,3.63,78,76,250,197,328,273
12-55-19-265.png,5.1,4.68,107,98,225,186,332,284
12-55-19-318.png,0,0,0,0,0,0,0,0
12-55-19-359.png,0,0,0,0,0,0,0,0
12-55-19-405.png,4.29,3.91,90,82,213,202,303,284
12-55-19-448.png,6.44,5.73,135,120,184,181,319,301
12-55-19-493.png,6.01,5.44,126,114,193,181,319,295
12-55-19-538.png,5.63,4.96,118,104,197,186,315,290
12-55-19-581.png,6.82,5.73,143,120,189,175,332,295
12-55-19-627.png,6.82,5.73,143,120,197,181,340,301
12-55-19-668.png,7.4,6.54,155,137,197,164,352,301
12-55-19-704.png,7.4,6.54,155,137,197,164,352,301
12-55-19-746.png,4.29,3.91,90,82,262,186,352,268
12-55-19-786.png,5.44,4.68,114,98,254,175,368,273
12-55-19-830.png,6.06,5.49,127,115,270,175,397,290
12-55-19-868.png,6.06,5.73,127,120,295,170,422,290
12-55-19-915.png,4.29,3.91,90,82,319,186,409,268
12-55-19-963.png,6.25,6.01,131,126,299,164,430,290
12-55-20-005.png,3.72,3.39,78,71,340,197,418,268
12-55-20-050.png,0,0,0,0,0,0,0,0
12-55-20-093.png,0,0,0,0,0,0,0,0
12-55-20-136.png,3.29,3.1,69,65,377,192,446,257
12-55-20-182.png,5.3,4.68,111,98,352,175,463,273
12-55-20-217.png,4.68,4.15,98,87,356,181,454,268
12-55-20-257.png,4.87,4.91,102,103,356,170,458,273
12-55-20-301.png,4.87,4.91,102,103,356,170,458,273
12-55-20-355.png,6.25,5.73,131,120,344,159,475,279
12-55-20-394.png,5.68,4.91,119,103,348,170,467,273
12-55-20-438.png,5.87,5.49,123,115,348,164,471,279
12-55-20-484.png,5.06,4.91,106,103,352,170,458,273
12-55-20-524.png,6.44,5.49,135,115,344,164,479,279
12-55-20-573.png,6.82,5.96,143,125,336,159,479,284
12-55-20-613.png,5.06,4.91,106,103,352,170,458,273
12-55-20-658.png,5.49,4.91,115,103,348,170,463,273
12-55-20-705.png,4.48,4.15,94,87,356,181,450,268
12-55-20-747.png,3.91,3.86,82,81,360,181,442,262
12-55-20-791.png,3.53,3.63,74,76,364,186,438,262
12-55-20-835.png,3.91,3.86,82,81,356,181,438,262
12-55-20-887.png,5.44,5.49,114,115,340,164,454,279
12-55-20-941.png,6.06,5.73,127,120,336,159,463,279
12-55-20-979.png,5.87,5.49,123,115,340,164,463,279
12-55-21-028.png,5.87,5.49,123,115,340,164,463,279
12-55-21-071.png,4.29,4.44,90,93,360,175,450,268
12-55-21-113.png,5.82,5.96,122,125,336,159,458,284
12-55-21-160.png,5.63,5.49,118,115,336,164,454,279
12-55-21-202.png,5.63,4.91,118,103,336,170,454,273
12-55-21-245.png,5.82,5.2,122,109,336,164,458,273
12-55-21-281.png,5.63,4.68,118,98,340,170,458,268
12-55-21-336.png,5.06,4.68,106,98,344,170,450,268
12-55-21-367.png,3.91,3.86,82,81,360,181,442,262
12-55-21-423.png,0,0,0,0,0,0,0,0
12-55-21-473.png,0,0,0,0,0,0,0,0
12-55-21-518.png,0,0,0,0,0,0,0,0
12-55-21-560.png,0,0,0,0,0,0,0,0
12-55-21-602.png,0,0,0,0,0,0,0,0
12-55-21-651.png,2.77,2.62,58,55,360,197,418,252
12-55-21-704.png,4.87,4.68,102,98,340,170,442,268
12-55-21-750.png,5.44,5.44,114,114,336,159,450,273
12-55-21-793.png,5.63,5.2,118,109,332,164,450,273
12-55-21-836.png,4.68,4.44,98,93,344,175,442,268
12-55-21-880.png,5.44,5.2,114,109,336,164,450,273
12-55-21-913.png,4.87,4.68,102,98,336,170,438,268
12-55-21-949.png,5.44,5.2,114,109,328,164,442,273
12-55-21-998.png,5.06,4.68,106,98,332,170,438,268
12-55-22-040.png,5.25,5.2,110,109,328,164,438,273
12-55-22-081.png,5.06,4.68,106,98,328,170,434,268
12-55-22-128.png,4.68,4.39,98,92,332,170,430,262
12-55-22-171.png,5.06,4.68,106,98,332,170,438,268
12-55-22-216.png,2.53,2.39,53,50,373,202,426,252
12-55-22-259.png,0,0,0,0,0,0,0,0
12-55-22-304.png,3.34,3.39,70,71,364,186,434,257
12-55-22-346.png,4.68,4.68,98,98,352,170,450,268
12-55-22-394.png,4.68,4.68,98,98,352,170,450,268
12-55-22-436.png,5.44,5.44,114,114,340,159,454,273
12-55-22-481.png,5.06,5.2,106,109,348,164,454,273
12-55-22-533.png,3.15,3.39,66,71,368,186,434,257
12-55-22-571.png,1.19,1.34,25,28,393,213,418,241
12-55-22-616.png,0.76,1.05,16,22,397,213,413,235
12-55-22-660.png,0,0,0,0,0,0,0,0
12-55-22-703.png,4.48,4.39,94,92,352,170,446,262
12-55-22-748.png,5.63,5.73,118,120,336,159,454,279
12-55-22-795.png,5.44,5.2,114,109,336,164,450,273
12-55-22-836.png,6.01,5.96,126,125,328,159,454,284
12-55-22-885.png,6.01,5.96,126,125,332,159,458,284
12-55-22-924.png,6.01,5.96,126,125,332,159,458,284
12-55-22-957.png,6.01,6.01,126,126,332,153,458,279
12-55-22-990.png,4.68,4.91,98,103,356,170,454,273
12-55-23-031.png,6.25,5.49,131,115,348,164,479,279
12-55-23-077.png,4.06,3.86,85,81,373,181,458,262
12-55-23-125.png,2.72,2.62,57,55,377,197,434,252
12-55-23-173.png,1.77,1.86,37,39,385,202,422,241
12-55-23-215.png,1.96,1.57,41,33,364,202,405,235
12-55-23-257.png,2.58,2.34,54,49,364,197,418,246
12-55-23-308.png,0,0,0,0,0,0,0,0
12-55-23-348.png,2.72,2.58,57,54,352,192,409,246
12-55-23-390.png,0,0,0,0,0,0,0,0
12-55-23-425.png,4.68,4.15,98,87,332,175,430,262
12-55-23-470.png,3.91,3.39,82,71,336,186,418,257
12-55-23-502.png,0,0,0,0,0,0,0,0
12-55-23-537.png,5.87,4.91,123,103,311,170,434,273
12-55-23-585.png,6.82,5.73,143,120,299,159,442,279
12-55-23-631.png,6.82,5.73,143,120,295,159,438,279
12-55-23-671.png,5.49,4.91,115,103,307,170,422,273
12-55-23-713.png,4.68,4.44,98,93,307,175,405,268
12-55-23-765.png,5.06,4.68,106,98,299,175,405,273
12-55-23-806.png,6.01,5.2,126,109,287,164,413,273
12-55-23-848.png,6.06,4.91,127,103,295,170,422,273
12-55-23-893.png,6.25,5.73,131,120,295,164,426,284
12-55-23-935.png,6.44,5.73,135,120,283,164,418,284
12-55-23-969.png,5.25,4.39,110,92,287,181,397,273
12-55-24-015.png,6.82,5.73,143,120,270,164,413,284
12-55-24-059.png,6.82,5.73,143,120,270,164,413,284
12-55-24-104.png,7.06,5.96,148,125,274,159,422,284
12-55-24-156.png,7.25,6.25,152,131,274,159,426,290
12-55-24-203.png,7.25,6.01,152,126,270,164,422,290
12-55-24-251.png,7.25,6.25,152,131,274,159,426,290
12-55-24-293.png,7.25,6.49,152,136,266,159,418,295
12-55-24-337.png,7.63,6.49,160,136,262,159,422,295
12-55-24-381.png,7.25,6.49,152,136,266,159,418,295
12-55-24-425.png,7.2,6.25,151,131,258,159,409,290
12-55-24-472.png,6.44,5.73,135,120,262,164,397,284
12-55-24-514.png,6.82,6.01,143,126,258,164,401,290
12-55-24-548.png,6.82,6.01,143,126,258,164,401,290
12-55-24-580.png,7.01,6.01,147,126,250,164,397,290
12-55-24-619.png,6.82,6.01,143,126,246,164,389,290
12-55-24-664.png,6.82,6.01,143,126,242,164,385,290
12-55-24-708.png,7.01,6.25,147,131,238,164,385,295
12-55-24-762.png,7.2,6.01,151,126,234,164,385,290
12-55-24-806.png,6.44,5.73,135,120,229,170,364,290
12-55-24-865.png,5.82,5.49,122,115,234,175,356,290
12-55-24-913.png,4.68,4.15,98,87,242,186,340,273
12-55-24-962.png,4.29,3.63,90,76,242,192,332,268
12-55-25-003.png,5.06,4.96,106,104,234,175,340,279
12-55-25-046.png,6.06,5.44,127,114,213,170,340,284
12-55-25-081.png,6.25,5.44,131,114,209,170,340,284
12-55-25-125.png,6.44,5.73,135,120,201,170,336,290
12-55-25-162.png,7.2,6.25,151,131,193,164,344,295
12-55-25-209.png,7.44,6.49,156,136,184,159,340,295
12-55-25-252.png,7.25,6.01,152,126,180,164,332,290
12-55-25-295.png,7.06,6.01,148,126,180,164,328,290
12-55-25-337.png,6.63,5.44,139,114,184,170,323,284
12-55-25-385.png,6.63,6.01,139,126,180,164,319,290
12-55-25-427.png,5.68,4.96,119,104,184,175,303,279
12-55-25-468.png,6.82,6.25,143,131,172,159,315,290
12-55-25-517.png,6.44,6.01,135,126,172,164,307,290
12-55-25-558.png,5.68,4.96,119,104,180,175,299,279
12-55-25-590.png,4.1,3.91,86,82,197,186,283,268
12-55-25-625.png,5.1,4.96,107,104,184,175,291,279
12-55-25-669.png,6.25,6.01,131,126,168,164,299,290
12-55-25-721.png,6.06,6.01,127,126,168,164,295,290
12-55-25-761.png,6.06,5.73,127,120,172,170,299,290
12-55-25-808.png,6.44,6.01,135,126,164,164,299,290
12-55-25-847.png,6.25,6.01,131,126,168,164,299,290
12-55-25-893.png,6.25,5.73,131,120,168,170,299,290
12-55-25-940.png,6.63,6.25,139,131,164,159,303,290
12-55-25-981.png,6.63,6.25,139,131,164,159,303,290
12-55-26-027.png,6.25,6.01,131,126,168,164,299,290
12-55-26-072.png,6.06,6.01,127,126,168,164,295,290
12-55-26-114.png,7.01,6.25,147,131,164,159,311,290
12-55-26-158.png,6.82,6.25,143,131,168,159,311,290
12-55-26-202.png,6.63,6.01,139,126,176,164,315,290
12-55-26-242.png,6.25,5.73,131,120,180,170,311,290
12-55-26-284.png,6.25,5.44,131,114,180,170,311,284
12-55-26-338.png,7.01,6.25,147,131,168,159,315,290
12-55-26-381.png,6.82,6.25,143,131,168,159,311,290
12-55-26-428.png,6.82,6.25,143,131,168,159,311,290
12-55-26-470.png,6.44,5.73,135,120,176,164,311,284
12-55-26-514.png,6.44,5.73,135,120,176,164,311,284
12-55-26-560.png,6.06,5.73,127,120,180,164,307,284
12-55-26-603.png,5.63,5.2,118,109,197,175,315,284
12-55-26-635.png,5.44,4.91,114,103,205,181,319,284
