Filename,Width (mm),Height (mm),Width (px),Height (px),x1,y1,x2,y2
15-51-06-045.png,0,0,0,0,0,0,0,0
15-51-06-078.png,1.57,1.81,33,38,626,279,659,317
15-51-06-113.png,4.29,4.39,90,92,589,252,679,344
15-51-06-146.png,4.1,4.39,86,92,589,252,675,344
15-51-06-180.png,3.34,3.91,70,82,593,257,663,339
15-51-06-211.png,3.34,3.91,70,82,593,257,663,339
15-51-06-244.png,2.96,3.63,62,76,593,257,655,333
15-51-06-278.png,2.96,3.63,62,76,593,257,655,333
15-51-06-310.png,0.19,0.24,4,5,622,301,626,306
15-51-06-345.png,0.19,0.24,4,5,622,301,626,306
15-51-06-378.png,2.77,3.15,58,66,597,262,655,328
15-51-06-411.png,2.15,2.62,45,55,606,268,651,323
15-51-06-443.png,3.91,4.15,82,87,589,252,671,339
15-51-06-477.png,4.29,4.39,90,92,589,252,679,344
15-51-06-509.png,4.29,4.39,90,92,589,252,679,344
15-51-06-541.png,4.48,4.96,94,104,585,246,679,350
15-51-06-577.png,3.91,4.39,82,92,589,252,671,344
15-51-06-609.png,3.72,3.91,78,82,589,257,667,339
15-51-06-643.png,4.29,4.96,90,104,585,246,675,350
15-51-06-672.png,4.87,4.96,102,104,581,246,683,350
15-51-06-706.png,4.29,4.68,90,98,585,246,675,344
15-51-06-743.png,2.34,2.62,49,55,606,273,655,328
15-51-06-774.png,1.72,2.1,36,44,610,279,646,323
15-51-06-810.png,4.68,4.96,98,104,585,246,683,350
15-51-06-843.png,5.06,5.2,106,109,577,246,683,355
15-51-06-877.png,5.06,5.2,106,109,577,246,683,355
15-51-06-910.png,4.68,5.2,98,109,573,246,671,355
15-51-06-944.png,4.29,4.96,90,104,573,246,663,350
15-51-06-976.png,4.87,5.44,102,114,565,241,667,355
15-51-07-011.png,4.68,5.2,98,109,565,241,663,350
15-51-07-045.png,4.48,4.96,94,104,569,246,663,350
15-51-07-078.png,3.91,4.39,82,92,577,252,659,344
15-51-07-110.png,3.15,3.91,66,82,585,257,651,339
15-51-07-145.png,3.72,4.15,78,87,581,252,659,339
15-51-07-178.png,3.91,4.68,82,98,581,246,663,344
15-51-07-211.png,4.29,4.68,90,98,577,246,667,344
15-51-07-245.png,4.29,4.91,90,103,581,241,671,344
15-51-07-281.png,4.1,4.68,86,98,581,246,667,344
15-51-07-314.png,2.96,3.63,62,76,589,257,651,333
15-51-07-347.png,3.15,3.63,66,76,589,257,655,333
15-51-07-379.png,3.15,3.63,66,76,589,257,655,333
15-51-07-414.png,3.34,3.91,70,82,589,257,659,339
15-51-07-449.png,3.34,3.91,70,82,589,257,659,339
15-51-07-487.png,3.91,4.39,82,92,589,252,671,344
15-51-07-522.png,2.91,3.39,61,71,602,262,663,333
15-51-07-556.png,2.91,3.39,61,71,602,262,663,333
15-51-07-589.png,1.96,2.39,41,50,610,273,651,323
15-51-07-626.png,2.72,2.86,57,60,602,268,659,328
15-51-07-666.png,0,0,0,0,0,0,0,0
15-51-07-702.png,0,0,0,0,0,0,0,0
15-51-07-736.png,0,0,0,0,0,0,0,0
15-51-07-777.png,3.67,4.15,77,87,602,252,679,339
15-51-07-808.png,0,0,0,0,0,0,0,0
15-51-07-843.png,4.48,4.91,94,103,606,241,700,344
15-51-07-876.png,4.29,4.44,90,93,606,246,696,339
15-51-07-911.png,3.48,3.63,73,76,610,252,683,328
15-51-07-943.png,2.15,2.62,45,55,622,262,667,317
15-51-07-974.png,2.91,3.39,61,71,622,257,683,328
15-51-08-011.png,3.53,3.39,74,71,622,257,696,328
15-51-08-046.png,0.19,0.24,4,5,655,290,659,295
15-51-08-075.png,0,0,0,0,0,0,0,0
15-51-08-110.png,0,0,0,0,0,0,0,0
15-51-08-145.png,0,0,0,0,0,0,0,0
15-51-08-191.png,0,0,0,0,0,0,0,0
15-51-08-223.png,0,0,0,0,0,0,0,0
15-51-08-257.png,0,0,0,0,0,0,0,0
15-51-08-289.png,0,0,0,0,0,0,0,0
15-51-08-325.png,0,0,0,0,0,0,0,0
15-51-08-359.png,0,0,0,0,0,0,0,0
15-51-08-392.png,0,0,0,0,0,0,0,0
15-51-08-434.png,3.67,3.86,77,81,614,252,691,333
15-51-08-467.png,5.68,5.49,119,115,593,235,712,350
15-51-08-497.png,0,0,0,0,0,0,0,0
15-51-08-527.png,0,0,0,0,0,0,0,0
15-51-08-568.png,6.25,6.25,131,131,577,224,708,355
15-51-08-599.png,6.63,7.06,139,148,577,213,716,361
15-51-08-634.png,6.25,6.49,131,136,577,219,708,355
15-51-08-667.png,6.44,6.77,135,142,569,219,704,361
15-51-08-697.png,6.25,6.54,131,137,565,224,696,361
15-51-08-732.png,6.06,6.25,127,131,548,235,675,366
15-51-08-769.png,5.49,6.01,115,126,540,246,655,372
15-51-08-800.png,6.25,6.77,131,142,532,235,663,377
15-51-08-835.png,6.25,6.77,131,142,520,241,651,383
15-51-08-867.png,6.44,6.77,135,142,516,246,651,388
15-51-08-900.png,6.01,6.49,126,136,512,252,638,388
15-51-08-934.png,5.87,6.25,123,131,507,262,630,393
15-51-08-969.png,5.3,5.96,111,125,503,268,614,393
15-51-09-004.png,6.06,6.25,127,131,491,268,618,399
15-51-09-037.png,6.63,6.49,139,136,479,268,618,404
15-51-09-079.png,6.63,6.54,139,137,475,273,614,410
15-51-09-110.png,6.06,6.54,127,137,479,273,606,410
15-51-09-144.png,6.06,6.54,127,137,479,273,606,410
15-51-09-177.png,6.06,6.77,127,142,483,273,610,415
15-51-09-210.png,6.44,7.01,135,147,483,268,618,415
15-51-09-245.png,6.44,7.06,135,148,483,262,618,410
15-51-09-275.png,5.1,6.25,107,131,495,279,602,410
15-51-09-311.png,5.49,6.54,115,137,495,273,610,410
15-51-09-344.png,6.06,6.77,127,142,495,268,622,410
15-51-09-374.png,6.82,7.06,143,148,495,262,638,410
15-51-09-411.png,7.2,7.3,151,153,495,257,646,410
15-51-09-448.png,7.01,7.01,147,147,495,257,642,404
15-51-09-491.png,5.49,6.54,115,137,495,262,610,399
15-51-09-526.png,6.25,7.01,131,147,499,257,630,404
15-51-09-565.png,6.82,7.01,143,147,499,257,642,404
15-51-09-596.png,6.82,7.01,143,147,495,257,638,404
15-51-09-632.png,6.44,7.01,135,147,499,257,634,404
15-51-09-666.png,6.63,7.01,139,147,495,257,634,404
15-51-09-699.png,6.63,7.01,139,147,495,257,634,404
15-51-09-729.png,6.63,7.01,139,147,495,257,634,404
15-51-09-765.png,6.63,7.01,139,147,495,257,634,404
15-51-09-796.png,6.25,6.54,131,137,503,262,634,399
15-51-09-828.png,6.63,6.77,139,142,499,257,638,399
15-51-09-867.png,7.01,6.77,147,142,495,257,642,399
15-51-09-899.png,6.44,6.77,135,142,499,257,634,399
15-51-09-935.png,6.82,6.77,143,142,499,257,642,399
15-51-09-969.png,6.82,7.01,143,147,499,257,642,404
15-51-10-013.png,6.63,7.01,139,147,499,257,638,404
15-51-10-047.png,6.82,7.01,143,147,491,257,634,404
15-51-10-080.png,7.01,7.3,147,153,491,257,638,410
15-51-10-111.png,7.01,7.3,147,153,487,257,634,410
15-51-10-147.png,6.44,6.77,135,142,503,262,638,404
15-51-10-179.png,6.82,7.01,143,147,512,257,655,404
15-51-10-214.png,6.63,7.01,139,147,503,257,642,404
15-51-10-259.png,6.44,6.77,135,142,495,262,630,404
15-51-10-303.png,7.01,7.01,147,147,491,257,638,404
15-51-10-347.png,6.06,7.01,127,147,483,257,610,404
15-51-10-383.png,6.44,7.01,135,147,475,257,610,404
15-51-10-424.png,6.25,7.3,131,153,458,257,589,410
15-51-10-472.png,6.44,7.01,135,147,450,257,585,404
15-51-10-514.png,6.82,7.3,143,153,430,257,573,410
15-51-10-556.png,6.82,7.3,143,153,430,257,573,410
15-51-10-603.png,6.82,7.01,143,147,430,257,573,404
15-51-10-645.png,6.82,7.01,143,147,434,257,577,404
15-51-10-679.png,6.82,7.01,143,147,434,257,577,404
15-51-10-712.png,7.2,7.01,151,147,430,257,581,404
15-51-10-758.png,7.01,7.01,147,147,422,257,569,404
15-51-10-814.png,7.01,7.54,147,158,430,252,577,410
15-51-10-860.png,6.82,7.54,143,158,434,246,577,404
15-51-10-900.png,6.44,7.01,135,147,446,252,581,399
15-51-10-933.png,6.82,7.25,143,152,446,252,589,404
15-51-10-978.png,6.63,7.3,139,153,450,246,589,399
15-51-11-013.png,6.82,7.3,143,153,446,246,589,399
15-51-11-060.png,6.63,7.3,139,153,450,246,589,399
15-51-11-099.png,6.82,7.3,143,153,450,246,593,399
15-51-11-132.png,6.44,7.01,135,147,454,252,589,399
15-51-11-165.png,6.44,6.77,135,142,458,257,593,399
15-51-11-201.png,6.39,7.01,134,147,463,252,597,399
15-51-11-246.png,6.63,7.01,139,147,467,252,606,399
15-51-11-291.png,6.44,6.77,135,142,475,257,610,399
15-51-11-334.png,7.01,7.01,147,147,475,252,622,399
15-51-11-381.png,7.01,7.01,147,147,475,252,622,399
15-51-11-424.png,7.01,7.01,147,147,475,252,622,399
15-51-11-466.png,7.01,7.01,147,147,475,252,622,399
15-51-11-514.png,7.2,7.01,151,147,475,252,626,399
15-51-11-554.png,7.2,7.3,151,153,475,246,626,399
15-51-11-602.png,7.2,7.3,151,153,479,246,630,399
15-51-11-646.png,7.4,7.3,155,153,479,246,634,399
15-51-11-688.png,7.2,7.3,151,153,479,246,630,399
15-51-11-737.png,7.4,7.3,155,153,475,246,630,399
15-51-11-780.png,7.2,7.01,151,147,475,252,626,399
15-51-11-824.png,7.01,7.3,147,153,471,246,618,399
15-51-11-871.png,6.82,7.3,143,153,467,246,610,399
15-51-11-915.png,6.82,7.3,143,153,467,246,610,399
15-51-11-959.png,7.06,7.3,148,153,458,246,606,399
15-51-12-003.png,6.63,7.3,139,153,458,246,597,399
15-51-12-046.png,6.82,7.01,143,147,450,252,593,399
15-51-12-091.png,6.82,7.01,143,147,446,252,589,399
15-51-12-134.png,6.82,7.01,143,147,442,252,585,399
15-51-12-178.png,7.01,7.01,147,147,442,252,589,399
15-51-12-228.png,7.01,7.01,147,147,442,252,589,399
15-51-12-270.png,6.63,7.01,139,147,442,252,581,399
15-51-12-313.png,7.01,7.01,147,147,438,252,585,399
15-51-12-358.png,6.82,7.01,143,147,442,252,585,399
15-51-12-404.png,7.01,7.01,147,147,442,252,589,399
15-51-12-444.png,6.82,7.01,143,147,446,252,589,399
15-51-12-479.png,7.01,7.01,147,147,446,252,593,399
15-51-12-526.png,7.01,7.01,147,147,446,252,593,399
15-51-12-558.png,6.82,7.01,143,147,454,252,597,399
15-51-12-601.png,6.82,7.01,143,147,454,252,597,399
15-51-12-649.png,7.06,7.01,148,147,454,252,602,399
15-51-12-689.png,6.82,7.01,143,147,463,252,606,399
15-51-12-733.png,6.63,7.01,139,147,467,252,606,399
15-51-12-767.png,6.25,6.77,131,142,475,257,606,399
15-51-12-802.png,6.25,6.77,131,142,475,257,606,399
15-51-12-847.png,5.87,6.54,123,137,479,262,602,399
15-51-12-888.png,6.25,6.54,131,137,475,262,606,399
15-51-12-922.png,6.25,6.54,131,137,479,262,610,399
15-51-12-955.png,6.44,6.77,135,142,475,257,610,399
15-51-12-987.png,6.25,6.54,131,137,475,262,606,399
15-51-13-027.png,6.2,6.77,130,142,463,257,593,399
15-51-13-079.png,6.63,6.77,139,142,454,257,593,399
15-51-13-122.png,7.06,6.77,148,142,458,257,606,399
15-51-13-154.png,7.44,7.01,156,147,458,252,614,399
15-51-13-188.png,6.82,7.01,143,147,475,252,618,399
15-51-13-221.png,0,0,0,0,0,0,0,0
15-51-13-255.png,4.68,4.96,98,104,524,273,622,377
15-51-13-302.png,6.63,6.73,139,141,512,252,651,393
15-51-13-339.png,7.01,7.3,147,153,516,246,663,399
15-51-13-377.png,7.01,7.3,147,153,520,246,667,399
15-51-13-406.png,7.2,7.3,151,153,524,246,675,399
15-51-13-443.png,7.01,7.3,147,153,528,246,675,399
15-51-13-477.png,6.82,7.3,143,153,536,246,679,399
15-51-13-510.png,6.44,7.3,135,153,548,246,683,399
15-51-13-542.png,6.63,7.3,139,153,548,246,687,399
15-51-13-594.png,6.63,7.3,139,153,552,246,691,399
15-51-13-632.png,6.63,7.3,139,153,552,246,691,399
15-51-13-665.png,6.63,7.01,139,147,552,252,691,399
15-51-13-710.png,6.87,7.01,144,147,552,252,696,399
15-51-13-743.png,6.87,7.01,144,147,552,252,696,399
15-51-13-780.png,6.87,7.01,144,147,552,252,696,399
15-51-13-824.png,6.63,7.01,139,147,552,252,691,399
15-51-13-856.png,6.63,6.73,139,141,548,252,687,393
15-51-13-889.png,6.44,6.49,135,136,536,257,671,393
15-51-13-922.png,6.06,6.49,127,136,540,257,667,393
15-51-13-952.png,6.06,6.49,127,136,532,257,659,393
15-51-13-987.png,7.01,7.01,147,147,520,252,667,399
15-51-14-024.png,7.01,7.3,147,153,520,246,667,399
15-51-14-065.png,7.01,7.3,147,153,516,246,663,399
15-51-14-114.png,7.01,7.3,147,153,516,246,663,399
15-51-14-154.png,7.2,7.01,151,147,516,246,667,393
15-51-14-187.png,7.2,7.01,151,147,516,246,667,393
15-51-14-224.png,6.82,7.01,143,147,520,246,663,393
15-51-14-270.png,7.2,7.01,151,147,516,246,667,393
15-51-14-311.png,7.01,7.01,147,147,516,246,663,393
15-51-14-355.png,7.25,7.01,152,147,507,246,659,393
15-51-14-405.png,7.2,7.01,151,147,512,246,663,393
15-51-14-445.png,7.4,6.77,155,142,512,246,667,388
15-51-14-489.png,7.2,6.77,151,142,520,246,671,388
15-51-14-521.png,7.2,6.77,151,142,524,246,675,388
15-51-14-570.png,7.01,6.77,147,142,528,246,675,388
15-51-14-612.png,6.82,7.01,143,147,536,241,679,388
15-51-14-658.png,6.63,6.77,139,142,540,246,679,388
15-51-14-703.png,6.44,6.77,135,142,540,246,675,388
15-51-14-744.png,6.63,6.77,139,142,536,246,675,388
15-51-14-777.png,7.01,6.77,147,142,536,246,683,388
15-51-14-811.png,6.82,7.01,143,147,540,241,683,388
15-51-14-844.png,6.82,7.01,143,147,540,241,683,388
15-51-14-877.png,7.2,7.01,151,147,536,241,687,388
15-51-14-914.png,7.01,7.01,147,147,536,241,683,388
15-51-14-959.png,6.63,7.01,139,147,540,241,679,388
15-51-14-992.png,7.01,6.77,147,142,540,241,687,383
15-51-15-027.png,6.63,6.77,139,142,544,241,683,383
15-51-15-061.png,6.06,6.25,127,131,544,246,671,377
15-51-15-096.png,5.87,6.25,123,131,544,246,667,377
15-51-15-133.png,6.06,6.49,127,136,548,241,675,377
15-51-15-163.png,5.63,5.73,118,120,557,252,675,372
15-51-15-199.png,5.06,5.73,106,120,565,252,671,372
15-51-15-233.png,5.63,6.01,118,126,561,246,679,372
15-51-15-268.png,4.87,5.2,102,109,573,257,675,366
15-51-15-299.png,0,0,0,0,0,0,0,0
15-51-15-333.png,0,0,0,0,0,0,0,0
15-51-15-367.png,0,0,0,0,0,0,0,0
15-51-15-427.png,3.91,4.2,82,88,634,262,716,350
15-51-15-480.png,0,0,0,0,0,0,0,0
15-51-15-513.png,1.96,1.81,41,38,687,279,728,317
15-51-15-547.png,1.57,1.57,33,33,687,284,720,317
15-51-15-588.png,4.48,4.68,94,98,651,246,745,344
15-51-15-618.png,4.72,5.2,99,109,646,241,745,350
15-51-15-655.png,5.3,5.73,111,120,638,235,749,355
15-51-15-689.png,5.1,5.2,107,109,634,241,741,350
15-51-15-722.png,5.49,5.96,115,125,630,230,745,355
15-51-15-755.png,5.3,5.73,111,120,630,230,741,350
15-51-15-789.png,4.87,5.2,102,109,634,235,736,344
15-51-15-822.png,4.87,4.96,102,104,634,235,736,339
15-51-15-855.png,4.29,4.15,90,87,642,241,732,328
15-51-15-890.png,3.29,3.39,69,71,651,252,720,323
15-51-15-933.png,3.72,3.91,78,82,646,246,724,328
15-51-15-977.png,2.53,2.62,53,55,655,262,708,317
15-51-16-010.png,0,0,0,0,0,0,0,0
15-51-16-040.png,3.48,3.39,73,71,651,252,724,323
15-51-16-074.png,4.29,4.15,90,87,646,241,736,328
15-51-16-111.png,4.53,4.15,95,87,646,241,741,328
15-51-16-161.png,3.48,3.1,73,65,659,252,732,317
15-51-16-200.png,0,0,0,0,0,0,0,0
15-51-16-233.png,2.15,1.86,45,39,663,262,708,301
15-51-16-266.png,0,0,0,0,0,0,0,0
15-51-16-297.png,0,0,0,0,0,0,0,0
15-51-16-334.png,0,0,0,0,0,0,0,0
15-51-16-377.png,0,0,0,0,0,0,0,0
15-51-16-412.png,0,0,0,0,0,0,0,0
15-51-16-455.png,4.48,4.44,94,93,638,235,732,328
15-51-16-498.png,4.48,4.68,94,98,638,230,732,328
15-51-16-533.png,3.72,3.63,78,76,646,241,724,317
15-51-16-581.png,3.72,3.91,78,82,646,235,724,317
15-51-16-621.png,0,0,0,0,0,0,0,0
15-51-16-655.png,0,0,0,0,0,0,0,0
15-51-16-686.png,0,0,0,0,0,0,0,0
15-51-16-717.png,0,0,0,0,0,0,0,0
15-51-16-755.png,0,0,0,0,0,0,0,0
15-51-16-786.png,0,0,0,0,0,0,0,0
15-51-16-820.png,0,0,0,0,0,0,0,0
15-51-16-867.png,0,0,0,0,0,0,0,0
15-51-16-902.png,0,0,0,0,0,0,0,0
15-51-16-945.png,0,0,0,0,0,0,0,0
15-51-16-978.png,0,0,0,0,0,0,0,0
15-51-17-014.png,0,0,0,0,0,0,0,0
15-51-17-043.png,0,0,0,0,0,0,0,0
15-51-17-078.png,0,0,0,0,0,0,0,0
15-51-17-121.png,0,0,0,0,0,0,0,0
15-51-17-155.png,0,0,0,0,0,0,0,0
15-51-17-202.png,0,0,0,0,0,0,0,0
15-51-17-235.png,0,0,0,0,0,0,0,0
15-51-17-269.png,0,0,0,0,0,0,0,0
15-51-17-303.png,0,0,0,0,0,0,0,0
15-51-17-334.png,2.15,2.34,45,49,659,252,704,301
15-51-17-366.png,3.1,3.39,65,71,651,241,716,312
15-51-17-404.png,3.34,3.67,70,77,646,235,716,312
15-51-17-440.png,3.15,3.1,66,65,646,241,712,306
15-51-17-478.png,1.96,2.05,41,43,659,252,700,295
15-51-17-526.png,2.15,2.05,45,43,655,252,700,295
15-51-17-573.png,2.91,3.1,61,65,651,241,712,306
15-51-17-612.png,3.1,3.39,65,71,651,235,716,306
15-51-17-659.png,3.72,3.91,78,82,646,230,724,312
15-51-17-702.png,2.72,3.1,57,65,655,241,712,306
15-51-17-745.png,2.53,2.62,53,55,659,246,712,301
15-51-17-798.png,1.38,1.57,29,33,671,257,700,290
15-51-17-852.png,0,0,0,0,0,0,0,0
15-51-17-887.png,0,0,0,0,0,0,0,0
15-51-17-922.png,0,0,0,0,0,0,0,0
15-51-17-966.png,0,0,0,0,0,0,0,0
15-51-18-014.png,0,0,0,0,0,0,0,0
15-51-18-047.png,0,0,0,0,0,0,0,0
15-51-18-088.png,5.06,5.44,106,114,630,219,736,333
15-51-18-119.png,5.06,5.44,106,114,630,219,736,333
15-51-18-156.png,5.06,5.2,106,109,630,219,736,328
15-51-18-187.png,4.87,5.2,102,109,634,219,736,328
15-51-18-219.png,4.87,5.2,102,109,634,219,736,328
15-51-18-256.png,4.1,4.72,86,99,642,224,728,323
15-51-18-289.png,3.53,4.15,74,87,646,230,720,317
15-51-18-322.png,3.53,3.91,74,82,646,230,720,312
15-51-18-353.png,2.53,2.62,53,55,655,246,708,301
15-51-18-393.png,1.77,2.05,37,43,663,252,700,295
15-51-18-437.png,4.1,4.44,86,93,642,224,728,317
15-51-18-468.png,4.68,4.72,98,99,638,224,736,323
15-51-18-502.png,4.91,5.2,103,109,638,219,741,328
15-51-18-536.png,4.91,5.2,103,109,638,219,741,328
15-51-18-568.png,4.68,5.2,98,109,638,219,736,328
15-51-18-602.png,4.48,4.72,94,99,638,224,732,323
15-51-18-645.png,4.29,4.72,90,99,638,224,728,323
15-51-18-675.png,4.29,4.72,90,99,638,224,728,323
15-51-18-709.png,3.91,4.15,82,87,642,230,724,317
15-51-18-743.png,3.29,3.67,69,77,651,235,720,312
15-51-18-777.png,2.72,3.1,57,65,655,241,712,306
15-51-18-812.png,2.53,2.62,53,55,655,246,708,301
15-51-18-858.png,4.68,5.2,98,109,634,219,732,328
15-51-18-892.png,3.53,4.15,74,87,642,230,716,317
15-51-18-933.png,5.63,6.25,118,131,618,208,736,339
15-51-18-966.png,5.82,6.25,122,131,614,208,736,339
15-51-18-998.png,5.82,6.25,122,131,614,208,736,339
15-51-19-031.png,5.82,6.49,122,136,610,208,732,344
15-51-19-066.png,6.01,6.49,126,136,606,208,732,344
15-51-19-099.png,5.25,5.2,110,109,606,224,716,333
15-51-19-130.png,6.25,6.54,131,137,589,213,720,350
15-51-19-167.png,6.25,6.54,131,137,585,213,716,350
15-51-19-215.png,6.25,6.49,131,136,581,219,712,355
15-51-19-257.png,5.44,5.73,114,120,569,235,683,355
15-51-19-288.png,5.25,5.73,110,120,565,241,675,361
15-51-19-322.png,5.25,5.73,110,120,557,241,667,361
15-51-19-353.png,6.82,6.54,143,137,548,235,691,372
15-51-19-389.png,6.63,6.77,139,142,544,235,683,377
15-51-19-432.png,6.06,6.77,127,142,540,241,667,383
15-51-19-468.png,6.25,6.54,131,137,532,246,663,383
15-51-19-511.png,5.68,6.25,119,131,532,252,651,383
15-51-19-546.png,6.06,6.49,127,136,532,252,659,388
15-51-19-581.png,5.87,6.49,123,136,532,252,655,388
15-51-19-623.png,4.68,5.25,98,110,532,273,630,383
15-51-19-670.png,4.68,4.96,98,104,540,273,638,377
15-51-19-704.png,6.06,6.54,127,137,528,262,655,399
15-51-19-743.png,6.01,6.25,126,131,520,273,646,404
15-51-19-773.png,6.2,6.54,130,137,512,273,642,410
15-51-19-813.png,5.44,5.96,114,125,524,279,638,404
15-51-19-844.png,4.87,5.73,102,120,524,284,626,404
15-51-19-878.png,5.63,6.25,118,131,516,279,634,410
15-51-19-922.png,5.06,5.73,106,120,524,290,630,410
15-51-19-955.png,6.01,6.49,126,136,516,279,642,415
15-51-19-990.png,5.82,6.25,122,131,520,284,642,415
15-51-20-025.png,5.82,6.25,122,131,520,284,642,415
15-51-20-056.png,5.82,6.25,122,131,524,284,646,415
15-51-20-091.png,5.44,5.96,114,125,532,290,646,415
15-51-20-125.png,0,0,0,0,0,0,0,0
15-51-20-160.png,1.96,2.34,41,49,577,323,618,372
15-51-20-199.png,4.87,5.44,102,114,540,290,642,404
15-51-20-229.png,0,0,0,0,0,0,0,0
15-51-20-266.png,4.48,5.44,94,114,552,290,646,404
15-51-20-296.png,5.3,6.49,111,136,548,268,659,404
15-51-20-346.png,5.49,6.25,115,131,544,268,659,399
15-51-20-377.png,4.91,6.01,103,126,548,273,651,399
15-51-20-411.png,5.1,5.73,107,120,544,273,651,393
15-51-20-444.png,5.49,6.54,115,137,536,262,651,399
15-51-20-479.png,5.87,6.49,123,136,532,257,655,393
15-51-20-514.png,5.87,6.73,123,141,528,252,651,393
15-51-20-547.png,6.44,6.77,135,142,524,246,659,388
15-51-20-579.png,6.44,6.77,135,142,520,246,655,388
15-51-20-614.png,6.44,6.77,135,142,520,246,655,388
15-51-20-647.png,6.25,7.01,131,147,524,241,655,388
15-51-20-680.png,6.06,7.01,127,147,528,241,655,388
15-51-20-712.png,6.06,6.77,127,142,528,241,655,383
15-51-20-744.png,5.87,6.49,123,136,528,241,651,377
15-51-20-778.png,5.44,6.25,114,131,528,246,642,377
15-51-20-812.png,5.63,6.25,118,131,528,246,646,377
15-51-20-845.png,6.06,6.49,127,136,524,241,651,377
15-51-20-878.png,5.82,6.49,122,136,524,241,646,377
15-51-20-911.png,5.82,6.25,122,131,520,241,642,372
15-51-20-943.png,6.44,6.54,135,137,520,235,655,372
15-51-20-978.png,6.01,6.25,126,131,520,241,646,372
15-51-21-012.png,5.82,6.25,122,131,516,241,638,372
15-51-21-045.png,4.29,4.44,90,93,524,262,614,355
15-51-21-078.png,4.29,4.44,90,93,524,262,614,355
15-51-21-111.png,4.06,4.68,85,98,512,257,597,355
15-51-21-144.png,3.48,4.44,73,93,512,262,585,355
15-51-21-173.png,4.29,4.96,90,104,499,257,589,361
15-51-21-211.png,3.53,4.44,74,93,499,262,573,355
15-51-21-243.png,2.77,3.39,58,71,507,279,565,350
15-51-21-279.png,5.63,6.25,118,131,471,241,589,372
15-51-21-323.png,4.87,5.44,102,114,471,252,573,366
15-51-21-358.png,5.49,6.01,115,126,458,246,573,372
15-51-21-390.png,5.87,6.25,123,131,454,241,577,372
15-51-21-426.png,5.49,6.01,115,126,450,246,565,372
15-51-21-457.png,5.49,6.01,115,126,450,246,565,372
15-51-21-492.png,5.49,6.01,115,126,442,246,557,372
15-51-21-532.png,4.68,5.73,98,120,438,252,536,372
15-51-21-567.png,4.68,5.73,98,120,434,252,532,372
15-51-21-599.png,4.87,5.73,102,120,430,252,532,372
15-51-21-630.png,4.87,5.73,102,120,426,246,528,366
15-51-21-665.png,4.87,5.44,102,114,426,252,528,366
15-51-21-698.png,4.68,5.44,98,114,426,252,524,366
15-51-21-728.png,4.87,5.73,102,120,426,246,528,366
15-51-21-757.png,4.1,4.91,86,103,442,252,528,355
15-51-21-788.png,2.96,3.63,62,76,454,268,516,344
15-51-21-821.png,4.68,5.2,98,109,450,252,548,361
15-51-21-860.png,4.68,5.2,98,109,450,252,548,361
15-51-21-899.png,5.44,6.01,114,126,467,246,581,372
15-51-21-932.png,5.63,6.25,118,131,467,241,585,372
15-51-21-966.png,5.63,6.25,118,131,467,241,585,372
15-51-21-999.png,5.44,6.25,114,131,467,241,581,372
15-51-22-034.png,5.82,6.25,122,131,463,241,585,372
15-51-22-065.png,6.25,6.54,131,137,458,235,589,372
15-51-22-099.png,6.63,6.77,139,142,458,230,597,372
15-51-22-133.png,6.44,6.77,135,142,458,230,593,372
15-51-22-167.png,6.63,6.77,139,142,454,230,593,372
15-51-22-201.png,6.63,6.77,139,142,454,230,593,372
15-51-22-236.png,6.44,6.77,135,142,454,230,589,372
15-51-22-269.png,6.82,6.77,143,142,450,230,593,372
15-51-22-302.png,6.63,6.77,139,142,454,230,593,372
15-51-22-336.png,6.44,6.77,135,142,454,230,589,372
15-51-22-369.png,6.44,6.54,135,137,454,235,589,372
15-51-22-402.png,6.06,6.54,127,137,458,235,585,372
15-51-22-434.png,5.87,5.96,123,125,458,241,581,366
15-51-22-467.png,6.06,6.54,127,137,454,235,581,372
15-51-22-500.png,5.87,6.54,123,137,458,235,581,372
15-51-22-535.png,5.87,6.54,123,137,458,235,581,372
15-51-22-567.png,6.06,6.54,127,137,458,235,585,372
15-51-22-600.png,5.87,6.54,123,137,458,235,581,372
15-51-22-633.png,6.25,6.25,131,131,454,235,585,366
15-51-22-667.png,5.87,6.25,123,131,458,235,581,366
15-51-22-700.png,5.87,6.25,123,131,458,235,581,366
15-51-22-733.png,5.68,5.96,119,125,458,241,577,366
15-51-22-766.png,5.68,5.96,119,125,458,241,577,366
15-51-22-799.png,5.49,5.73,115,120,458,241,573,361
15-51-22-833.png,5.06,5.49,106,115,463,246,569,361
15-51-22-867.png,5.44,5.73,114,120,463,241,577,361
15-51-22-899.png,6.44,6.77,135,142,458,230,593,372
15-51-22-933.png,6.63,6.77,139,142,454,230,593,372
15-51-22-962.png,6.44,6.77,135,142,458,230,593,372
15-51-23-000.png,6.63,7.06,139,148,458,224,597,372
15-51-23-030.png,6.87,7.06,144,148,458,224,602,372
15-51-23-062.png,6.2,6.77,130,142,463,230,593,372
15-51-23-099.png,6.2,6.77,130,142,463,230,593,372
15-51-23-133.png,6.2,6.77,130,142,463,230,593,372
15-51-23-166.png,6.2,6.49,130,136,463,230,593,366
15-51-23-199.png,6.2,6.49,130,136,463,230,593,366
15-51-23-232.png,5.63,6.01,118,126,467,235,585,361
15-51-23-266.png,5.82,6.25,122,131,467,235,589,366
15-51-23-299.png,5.82,6.25,122,131,467,235,589,366
15-51-23-332.png,5.63,6.25,118,131,467,235,585,366
15-51-23-365.png,5.63,6.25,118,131,467,235,585,366
15-51-23-399.png,6.01,6.25,126,131,463,235,589,366
15-51-23-433.png,6.01,6.25,126,131,463,235,589,366
15-51-23-467.png,6.01,6.54,126,137,463,235,589,372
15-51-23-500.png,6.2,6.54,130,137,463,235,593,372
15-51-23-535.png,6.2,6.25,130,131,463,235,593,366
15-51-23-569.png,6.2,6.77,130,142,463,230,593,372
15-51-23-599.png,6.2,6.77,130,142,463,230,593,372
15-51-23-636.png,6.2,6.54,130,137,463,235,593,372
15-51-23-668.png,6.39,6.77,134,142,463,230,597,372
15-51-23-703.png,6.01,6.25,126,131,463,235,589,366
15-51-23-737.png,6.2,6.25,130,131,463,235,593,366
15-51-23-777.png,5.82,6.77,122,142,471,230,593,372
15-51-23-808.png,5.63,6.49,118,136,471,230,589,366
15-51-23-840.png,5.25,6.25,110,131,475,235,585,366
15-51-23-876.png,5.63,6.25,118,131,471,235,589,366
15-51-23-907.png,5.63,6.25,118,131,471,235,589,366
15-51-23-944.png,5.44,5.96,114,125,471,241,585,366
15-51-23-977.png,5.25,5.73,110,120,475,241,585,361
15-51-24-010.png,5.06,5.73,106,120,475,241,581,361
15-51-24-044.png,4.48,4.91,94,103,483,252,577,355
15-51-24-097.png,3.91,4.68,82,98,495,252,577,350
15-51-24-132.png,4.87,5.73,102,120,491,235,593,355
15-51-24-165.png,3.34,4.15,70,87,507,252,577,339
15-51-24-199.png,4.29,5.2,90,109,499,241,589,350
15-51-24-230.png,3.29,4.15,69,87,512,252,581,339
15-51-24-261.png,3.29,4.15,69,87,512,252,581,339
15-51-24-299.png,1.77,2.1,37,44,532,279,569,323
15-51-24-330.png,3.67,3.91,77,82,520,257,597,339
15-51-24-361.png,4.29,4.68,90,98,516,246,606,344
15-51-24-398.png,4.68,4.68,98,98,520,241,618,339
15-51-24-428.png,3.15,3.15,66,66,552,257,618,323
15-51-24-457.png,5.49,5.2,115,109,536,230,651,339
15-51-24-487.png,5.25,5.2,110,109,536,230,646,339
15-51-24-521.png,5.25,5.2,110,109,536,224,646,333
15-51-24-554.png,5.06,5.2,106,109,540,224,646,333
15-51-24-586.png,5.3,5.44,111,114,544,219,655,333
15-51-24-621.png,6.06,6.25,127,131,552,208,679,339
15-51-24-655.png,5.63,5.73,118,120,557,208,675,328
15-51-24-685.png,5.44,5.73,114,120,557,208,671,328
15-51-24-721.png,5.44,5.49,114,115,557,213,671,328
15-51-24-753.png,4.48,4.72,94,99,565,224,659,323
15-51-24-785.png,2.53,2.62,53,55,577,246,630,301
15-51-24-818.png,3.29,3.63,69,76,569,230,638,306
15-51-24-854.png,1.77,2.05,37,43,585,252,622,295
15-51-24-888.png,1.0,1.29,21,27,589,257,610,284
15-51-24-918.png,0,0,0,0,0,0,0,0
15-51-24-955.png,0,0,0,0,0,0,0,0
15-51-24-988.png,0,0,0,0,0,0,0,0
15-51-25-023.png,0,0,0,0,0,0,0,0
15-51-25-055.png,0,0,0,0,0,0,0,0
15-51-25-089.png,0,0,0,0,0,0,0,0
15-51-25-121.png,0,0,0,0,0,0,0,0
15-51-25-156.png,0,0,0,0,0,0,0,0
15-51-25-189.png,0,0,0,0,0,0,0,0
15-51-25-223.png,0,0,0,0,0,0,0,0
15-51-25-256.png,0,0,0,0,0,0,0,0
15-51-25-291.png,0,0,0,0,0,0,0,0
15-51-25-324.png,0,0,0,0,0,0,0,0
15-51-25-359.png,2.53,2.34,53,49,573,246,626,295
15-51-25-389.png,0,0,0,0,0,0,0,0
15-51-25-426.png,0,0,0,0,0,0,0,0
15-51-25-458.png,0,0,0,0,0,0,0,0
15-51-25-491.png,0,0,0,0,0,0,0,0
15-51-25-523.png,0,0,0,0,0,0,0,0
15-51-25-556.png,0,0,0,0,0,0,0,0
15-51-25-590.png,2.72,2.86,57,60,565,235,622,295
15-51-25-621.png,0,0,0,0,0,0,0,0
15-51-25-656.png,0,0,0,0,0,0,0,0
15-51-25-688.png,0,0,0,0,0,0,0,0
15-51-25-723.png,0,0,0,0,0,0,0,0
15-51-25-756.png,0,0,0,0,0,0,0,0
15-51-25-788.png,0,0,0,0,0,0,0,0
15-51-25-822.png,0,0,0,0,0,0,0,0
15-51-25-855.png,0,0,0,0,0,0,0,0
15-51-25-886.png,0,0,0,0,0,0,0,0
15-51-25-921.png,0,0,0,0,0,0,0,0
15-51-25-955.png,0,0,0,0,0,0,0,0
15-51-25-987.png,0,0,0,0,0,0,0,0
15-51-26-019.png,0,0,0,0,0,0,0,0
15-51-26-054.png,0,0,0,0,0,0,0,0
15-51-26-087.png,0,0,0,0,0,0,0,0
15-51-26-117.png,0,0,0,0,0,0,0,0
15-51-26-155.png,0,0,0,0,0,0,0,0
15-51-26-185.png,0,0,0,0,0,0,0,0
15-51-26-216.png,3.15,3.15,66,66,552,235,618,301
15-51-26-259.png,3.15,3.15,66,66,552,235,618,301
15-51-26-301.png,0,0,0,0,0,0,0,0
15-51-26-336.png,0,0,0,0,0,0,0,0
15-51-26-368.png,0,0,0,0,0,0,0,0
15-51-26-403.png,0,0,0,0,0,0,0,0
15-51-26-435.png,0,0,0,0,0,0,0,0
15-51-26-468.png,0,0,0,0,0,0,0,0
15-51-26-500.png,0,0,0,0,0,0,0,0
15-51-26-533.png,0,0,0,0,0,0,0,0
15-51-26-567.png,0,0,0,0,0,0,0,0
15-51-26-599.png,0,0,0,0,0,0,0,0
15-51-26-632.png,0,0,0,0,0,0,0,0
15-51-26-667.png,0,0,0,0,0,0,0,0
15-51-26-699.png,0,0,0,0,0,0,0,0
15-51-26-733.png,0,0,0,0,0,0,0,0
15-51-26-765.png,0,0,0,0,0,0,0,0
15-51-26-800.png,0,0,0,0,0,0,0,0
15-51-26-833.png,1.77,2.05,37,43,552,241,589,284
15-51-26-863.png,0,0,0,0,0,0,0,0
15-51-26-899.png,0,0,0,0,0,0,0,0
15-51-26-932.png,0,0,0,0,0,0,0,0
15-51-26-965.png,0,0,0,0,0,0,0,0
15-51-26-994.png,0,0,0,0,0,0,0,0
15-51-27-034.png,0,0,0,0,0,0,0,0
15-51-27-062.png,0,0,0,0,0,0,0,0
15-51-27-093.png,0,0,0,0,0,0,0,0
15-51-27-132.png,0,0,0,0,0,0,0,0
15-51-27-177.png,0,0,0,0,0,0,0,0
15-51-27-214.png,1.53,1.53,32,32,565,241,597,273
15-51-27-248.png,0,0,0,0,0,0,0,0
15-51-27-280.png,0,0,0,0,0,0,0,0
15-51-27-312.png,0,0,0,0,0,0,0,0
15-51-27-345.png,0,0,0,0,0,0,0,0
15-51-27-379.png,0,0,0,0,0,0,0,0
15-51-27-421.png,0,0,0,0,0,0,0,0
15-51-27-451.png,0,0,0,0,0,0,0,0
15-51-27-487.png,0,0,0,0,0,0,0,0
15-51-27-521.png,0,0,0,0,0,0,0,0
15-51-27-554.png,0,0,0,0,0,0,0,0
15-51-27-587.png,0,0,0,0,0,0,0,0
15-51-27-621.png,0,0,0,0,0,0,0,0
15-51-27-655.png,0,0,0,0,0,0,0,0
15-51-27-688.png,0,0,0,0,0,0,0,0
15-51-27-721.png,0,0,0,0,0,0,0,0
15-51-27-755.png,2.53,2.86,53,60,565,230,618,290
15-51-27-789.png,0,0,0,0,0,0,0,0
15-51-27-823.png,0,0,0,0,0,0,0,0
15-51-27-858.png,0,0,0,0,0,0,0,0
15-51-27-891.png,0,0,0,0,0,0,0,0
15-51-27-925.png,0,0,0,0,0,0,0,0
15-51-27-956.png,0,0,0,0,0,0,0,0
15-51-27-994.png,4.29,3.91,90,82,540,219,630,301
15-51-28-033.png,1.72,1.81,36,38,557,241,593,279
15-51-28-065.png,4.1,3.91,86,82,536,219,622,301
15-51-28-099.png,3.72,3.39,78,71,540,224,618,295
15-51-28-144.png,4.1,4.44,86,93,532,213,618,306
15-51-28-177.png,5.06,4.96,106,104,528,208,634,312
15-51-28-211.png,5.06,5.25,106,110,532,202,638,312
15-51-28-247.png,4.68,4.96,98,104,532,208,630,312
15-51-28-289.png,3.91,4.44,82,93,540,213,622,306
15-51-28-322.png,3.53,3.91,74,82,544,224,618,306
15-51-28-355.png,3.91,4.72,82,99,540,213,622,312
15-51-28-387.png,5.25,5.77,110,121,524,202,634,323
15-51-28-421.png,5.25,5.49,110,115,520,208,630,323
15-51-28-456.png,5.25,5.49,110,115,520,208,630,323
15-51-28-488.png,4.87,5.73,102,120,512,208,614,328
15-51-28-533.png,5.49,5.96,115,125,503,208,618,333
15-51-28-580.png,5.49,6.25,115,131,503,208,618,339
15-51-28-611.png,5.49,6.25,115,131,499,208,614,339
15-51-28-645.png,5.3,6.01,111,126,495,213,606,339
15-51-28-680.png,5.49,5.96,115,125,487,219,602,344
15-51-28-712.png,5.68,6.25,119,131,483,219,602,350
15-51-28-746.png,5.63,6.25,118,131,479,224,597,355
15-51-28-780.png,6.2,6.25,130,131,467,224,597,355
15-51-28-817.png,6.87,6.77,144,142,458,224,602,366
15-51-28-850.png,6.63,7.06,139,148,458,224,597,372
15-51-28-889.png,6.44,6.77,135,142,458,230,593,372
15-51-28-935.png,6.25,6.77,131,142,458,235,589,377
15-51-28-978.png,5.82,6.49,122,136,463,241,585,377
15-51-29-013.png,5.44,6.25,114,131,467,246,581,377
15-51-29-055.png,5.63,6.25,118,131,467,246,585,377
15-51-29-088.png,5.44,6.25,114,131,467,246,581,377
15-51-29-122.png,5.82,6.54,122,137,467,246,589,383
15-51-29-167.png,6.01,7.01,126,147,467,241,593,388
15-51-29-201.png,5.82,6.77,122,142,467,246,589,388
15-51-29-236.png,6.01,6.77,126,142,467,246,593,388
15-51-29-273.png,6.01,6.77,126,142,467,246,593,388
15-51-29-307.png,6.01,6.77,126,142,471,246,597,388
15-51-29-343.png,5.63,6.49,118,136,471,252,589,388
15-51-29-377.png,5.82,6.49,122,136,471,252,593,388
15-51-29-409.png,6.01,6.49,126,136,471,252,597,388
15-51-29-442.png,5.63,6.49,118,136,475,252,593,388
15-51-29-477.png,5.44,6.25,114,131,475,252,589,383
15-51-29-512.png,4.87,6.01,102,126,479,257,581,383
15-51-29-512.png,2.15,2.05,45,43,405,492,450,535
15-51-29-557.png,5.44,6.49,114,136,479,252,593,388
15-51-29-589.png,4.87,6.25,102,131,487,252,589,383
15-51-29-622.png,4.48,6.25,94,131,495,252,589,383
15-51-29-655.png,4.68,6.54,98,137,495,246,593,383
15-51-29-688.png,4.48,6.25,94,131,491,252,585,383
15-51-29-724.png,4.68,6.54,98,137,491,246,589,383
15-51-29-766.png,5.49,6.49,115,136,491,241,606,377
15-51-29-799.png,5.68,6.49,119,136,491,241,610,377
15-51-29-832.png,4.48,5.44,94,114,495,252,589,366
15-51-29-866.png,0,0,0,0,0,0,0,0
15-51-29-899.png,0,0,0,0,0,0,0,0
15-51-29-933.png,0,0,0,0,0,0,0,0
15-51-29-966.png,0,0,0,0,0,0,0,0
15-51-30-000.png,1.53,1.57,32,33,426,295,458,328
15-51-30-033.png,5.25,5.73,110,120,393,246,503,366
15-51-30-067.png,6.06,5.96,127,125,393,241,520,366
15-51-30-101.png,5.87,5.96,123,125,389,241,512,366
15-51-30-135.png,6.06,5.96,127,125,389,241,516,366
15-51-30-170.png,6.25,6.54,131,137,389,235,520,372
15-51-30-201.png,6.44,6.25,135,131,389,235,524,366
15-51-30-243.png,5.68,5.96,119,125,393,241,512,366
15-51-30-277.png,5.68,5.96,119,125,393,241,512,366
15-51-30-311.png,6.06,5.96,127,125,397,241,524,366
15-51-30-355.png,5.49,5.96,115,125,401,241,516,366
15-51-30-389.png,5.68,5.96,119,125,401,241,520,366
15-51-30-423.png,5.68,6.25,119,131,397,235,516,366
15-51-30-454.png,5.87,6.25,123,131,397,235,520,366
15-51-30-488.png,5.68,6.01,119,126,397,235,516,361
15-51-30-522.png,5.49,6.01,115,126,397,235,512,361
15-51-30-556.png,5.87,6.01,123,126,397,235,520,361
15-51-30-594.png,6.25,6.25,131,131,397,235,528,366
15-51-30-643.png,4.68,4.91,98,103,401,252,499,355
15-51-30-676.png,4.29,4.44,90,93,405,257,495,350
15-51-30-710.png,5.49,5.2,115,109,401,246,516,355
15-51-30-743.png,4.48,4.68,94,98,405,257,499,355
15-51-30-776.png,5.3,4.91,111,103,401,252,512,355
15-51-30-810.png,4.48,4.44,94,93,409,257,503,350
15-51-30-844.png,3.91,3.91,82,82,413,262,495,344
15-51-30-877.png,3.1,3.39,65,71,426,268,491,339
15-51-30-912.png,2.15,2.34,45,49,438,279,483,328
15-51-30-944.png,3.67,3.67,77,77,426,262,503,339
15-51-30-977.png,4.91,4.96,103,104,409,246,512,350
15-51-31-013.png,4.48,4.68,94,98,409,252,503,350
15-51-31-045.png,5.3,4.96,111,104,405,246,516,350
15-51-31-081.png,4.1,4.15,86,87,413,252,499,339
15-51-31-114.png,4.1,4.39,86,92,413,252,499,344
15-51-31-147.png,2.53,2.86,53,60,426,268,479,328
15-51-31-180.png,2.91,3.1,61,65,418,268,479,333
15-51-31-213.png,3.29,3.91,69,82,418,257,487,339
15-51-31-247.png,5.49,5.73,115,120,401,235,516,355
15-51-31-279.png,5.87,6.01,123,126,397,235,520,361
15-51-31-313.png,5.3,5.44,111,114,401,241,512,355
15-51-31-344.png,5.3,5.44,111,114,401,241,512,355
15-51-31-378.png,5.68,5.73,119,120,397,235,516,355
15-51-31-420.png,5.68,6.01,119,126,405,235,524,361
15-51-31-450.png,4.29,4.96,90,104,422,246,512,350
15-51-31-483.png,4.48,4.96,94,104,418,246,512,350
15-51-31-511.png,4.91,5.44,103,114,413,241,516,355
15-51-31-544.png,5.49,6.01,115,126,409,235,524,361
15-51-31-576.png,5.49,6.01,115,126,409,235,524,361
15-51-31-611.png,5.06,5.73,106,120,418,241,524,361
15-51-31-654.png,3.72,4.44,78,93,434,257,512,350
15-51-31-688.png,2.34,2.86,49,60,450,273,499,333
15-51-31-722.png,2.72,3.39,57,71,450,268,507,339
15-51-31-754.png,2.53,3.1,53,65,450,268,503,333
15-51-31-789.png,4.87,5.44,102,114,426,241,528,355
15-51-31-823.png,5.25,5.44,110,114,426,241,536,355
15-51-31-866.png,4.87,5.44,102,114,426,241,528,355
15-51-31-899.png,5.44,6.01,114,126,422,235,536,361
15-51-31-933.png,5.06,5.44,106,114,426,241,532,355
15-51-31-967.png,5.25,5.73,110,120,422,241,532,361
15-51-32-000.png,5.25,5.73,110,120,422,241,532,361
15-51-32-033.png,5.82,6.01,122,126,422,235,544,361
15-51-32-065.png,6.01,6.25,126,131,422,230,548,361
15-51-32-099.png,6.01,6.49,126,136,418,230,544,366
15-51-32-129.png,5.44,6.25,114,131,422,230,536,361
15-51-32-166.png,4.68,5.73,98,120,426,241,524,361
15-51-32-199.png,4.87,5.73,102,120,426,241,528,361
15-51-32-233.png,5.25,6.01,110,126,422,235,532,361
15-51-32-263.png,4.68,5.44,98,114,430,241,528,355
15-51-32-299.png,5.06,6.01,106,126,426,235,532,361
15-51-32-333.png,5.63,6.01,118,126,426,235,544,361
15-51-32-361.png,6.01,6.25,126,131,422,230,548,361
15-51-32-399.png,6.01,6.49,126,136,422,230,548,366
15-51-32-432.png,6.01,6.49,126,136,422,230,548,366
15-51-32-465.png,6.01,6.49,126,136,422,230,548,366
15-51-32-499.png,6.25,6.49,131,136,426,230,557,366
15-51-32-532.png,5.49,5.73,115,120,442,241,557,361
15-51-32-566.png,5.87,6.25,123,131,450,235,573,366
15-51-32-599.png,5.87,6.25,123,131,450,235,573,366
15-51-32-633.png,5.1,5.49,107,115,458,246,565,361
15-51-32-667.png,5.25,5.96,110,125,467,241,577,366
15-51-32-702.png,5.25,5.96,110,125,475,241,585,366
15-51-32-733.png,5.44,5.96,114,125,479,241,593,366
